#DataThief C:\Users\Andy.DESKTOP-CFRG05F\OneDrive - California Institute of Technology\Documents\Research\Kornfield\EXPERIMENTS\Italy\data\datathief\20190725_0801_1k3f_60c\20190731_1235_1k3f_7500kPa_60c_p_fine.PNG Thursday 8-Aug-2019 11:24:53 AM
8033.4353, 7507.0176
8033.4356, 7506.6078
8033.4359, 7506.198
8033.4363, 7505.7881
8033.4365, 7505.3783
8033.4369, 7504.9684
8033.7372, 7504.5584
8033.7376, 7504.1486
8033.7379, 7503.7388
8034.0384, 7503.3288
8034.0387, 7502.9189
8034.039, 7502.5091
8034.3394, 7502.0991
8034.3397, 7501.6892
8034.34, 7501.2793
8034.3403, 7500.8696
8034.6408, 7500.4596
8034.6411, 7500.0497
8034.6414, 7499.6399
8034.9418, 7499.2299
8034.9421, 7498.8199
8034.9424, 7498.4102
8034.9426, 7498.0004
8035.2429, 7498.0002
8035.2432, 7497.5904
8035.2435, 7497.1804
8035.2438, 7496.7707
8035.5442, 7496.3607
8035.5445, 7495.9508
8035.5448, 7495.541
8035.8453, 7495.131
8035.8456, 7494.7212
8035.8458, 7494.3113
8035.8462, 7493.9015
8036.1466, 7493.4915
8036.1469, 7493.0817
8035.8471, 7492.672
8035.8474, 7492.2622
8036.1478, 7491.8521
8036.1481, 7491.4423
8036.1485, 7491.0325
8036.1488, 7490.6226
8036.4492, 7490.2126
8036.4495, 7489.8028
8036.4498, 7489.393
8036.4501, 7488.983
8036.4504, 7488.5733
8036.7509, 7488.1633
8036.7511, 7487.7534
8036.7515, 7487.3436
8036.7518, 7486.9338
8036.7521, 7486.5239
8037.0525, 7486.1139
8037.0528, 7485.7041
8037.0531, 7485.2943
8037.0534, 7484.8843
8037.0537, 7484.4746
8037.3542, 7484.0646
8037.3545, 7483.6547
8037.3548, 7483.2449
8037.6552, 7482.8349
8037.6555, 7482.4251
8037.6558, 7482.0152
8037.6562, 7481.6054
8037.6564, 7481.1956
8037.6568, 7480.7856
8037.6571, 7480.3759
8037.9575, 7479.9659
8037.9578, 7479.556
8037.9581, 7479.1461
8037.9584, 7478.7364
8037.9586, 7478.3265
8037.959, 7477.9167
8038.2595, 7477.5067
8038.2598, 7477.0968
8038.2601, 7476.687
8038.2604, 7476.2772
8038.5608, 7475.8672
8038.5611, 7475.4573
8038.5614, 7475.0475
8038.5617, 7474.6377
8038.8622, 7474.2277
8038.8625, 7473.8178
8038.8628, 7473.408
8038.8631, 7472.9981
8039.1635, 7472.588
8039.1639, 7472.1783
8039.1642, 7471.7685
8039.1645, 7471.3586
8039.4649, 7470.9485
8039.4652, 7470.5388
8039.4655, 7470.1289
8039.7659, 7469.7189
8039.7663, 7469.3091
8039.7666, 7468.8993
8039.7669, 7468.4894
8040.0673, 7468.0794
8040.0676, 7467.6696
8040.0679, 7467.2598
8040.3683, 7466.8497
8040.3687, 7466.4399
8040.6691, 7466.0299
8040.9695, 7465.6199
8040.9698, 7465.2101
8040.9701, 7464.8002
8041.2706, 7464.3902
8041.2709, 7463.9804
8041.5713, 7463.5704
8041.5716, 7463.1605
8041.8721, 7462.7505
8041.8723, 7462.3407
8041.8727, 7461.9308
8042.1731, 7461.5208
8042.4735, 7461.1108
8042.774, 7460.7008
8043.0741, 7460.7006
8043.0744, 7460.2908
8043.0747, 7459.881
8043.3748, 7459.8808
8043.6753, 7459.4708
8043.9757, 7459.0608
8044.2758, 7459.0606
8044.5758, 7459.0605
8044.8761, 7459.0603
8045.1762, 7459.0601
8045.4763, 7459.06
8045.7764, 7459.0598
8046.0763, 7459.4694
8046.3761, 7459.8791
8046.6759, 7460.2888
8046.9757, 7460.6984
8046.9754, 7461.1083
8047.2752, 7461.5179
8047.5754, 7461.5178
8047.8752, 7461.9274
8048.1753, 7461.9273
8048.4757, 7461.5173
8048.7762, 7461.1073
8048.7765, 7460.6974
8048.7768, 7460.2876
8049.0772, 7459.8776
8049.0775, 7459.4677
8049.3779, 7459.0577
8049.3783, 7458.6479
8049.3786, 7458.2381
8049.679, 7457.8281
8049.6793, 7457.4182
8049.9797, 7457.0082
8049.98, 7456.5984
8049.9804, 7456.1885
8049.9807, 7455.7787
8050.2811, 7455.3687
8050.2814, 7454.9588
8050.2817, 7454.549
8050.5821, 7454.139
8050.5824, 7453.7292
8050.5828, 7453.3193
8050.8832, 7452.9093
8050.8835, 7452.4995
8050.8838, 7452.0897
8050.8841, 7451.6798
8051.1844, 7451.2698
8051.1848, 7450.8599
8051.4853, 7450.45
8051.4856, 7450.0401
8051.4859, 7449.6303
8051.7863, 7449.2203
8051.7866, 7448.8105
8051.7869, 7448.4006
8052.0874, 7447.9906
8052.3878, 7447.5806
8052.6882, 7447.1706
8052.6885, 7446.7608
8052.9889, 7446.3508
8053.2894, 7445.9407
8053.5897, 7445.5307
8053.89, 7445.5306
8054.1904, 7445.1206
8054.4905, 7445.1204
8054.7907, 7445.1202
8055.0908, 7445.1201
8055.3909, 7445.1199
8055.6909, 7445.1197
8055.9912, 7445.1195
8056.291, 7445.5292
8056.5911, 7445.529
8056.5908, 7445.9388
8056.8906, 7446.3485
8057.1907, 7446.3484
8057.4906, 7446.758
8057.7904, 7447.1677
8057.7901, 7447.5775
8057.7898, 7447.9874
8057.7894, 7448.3972
8058.0893, 7448.8069
8058.3891, 7449.2165
8058.6888, 7449.6261
8058.9887, 7450.0359
8059.2888, 7450.0357
8059.2892, 7449.6259
8059.5893, 7449.6257
8059.5896, 7449.2159
8059.89, 7448.8058
8060.1904, 7448.3958
8060.4906, 7448.3957
8060.4909, 7447.9858
8060.7913, 7447.5758
8061.0914, 7447.5756
8061.0917, 7447.1658
8061.3919, 7447.1656
8061.3921, 7446.7558
8061.3925, 7446.346
8061.3928, 7445.9361
8061.6932, 7445.5261
8061.6935, 7445.1163
8061.994, 7444.7063
8061.9943, 7444.2965
8061.9946, 7443.8866
8062.295, 7443.4766
8062.2953, 7443.0668
8062.2955, 7442.6569
8062.2959, 7442.2471
8062.596, 7442.2469
8062.8965, 7441.8369
8062.8968, 7441.4271
8062.8971, 7441.0172
8063.1975, 7440.6072
8063.1979, 7440.1974
8063.1982, 7439.7875
8063.4986, 7439.3776
8063.4989, 7438.9677
8063.7993, 7438.5577
8063.7995, 7438.1479
8064.1001, 7437.7379
8064.4005, 7437.3279
8064.7006, 7437.3277
8065.0008, 7437.3275
8065.3009, 7437.3274
8065.601, 7437.3272
8065.9008, 7437.7368
8066.2009, 7437.7367
8066.5008, 7438.1463
8066.8006, 7438.556
8067.1004, 7438.9657
8067.1001, 7439.3755
8067.3999, 7439.7852
8067.7, 7439.785
8068.0002, 7439.7848
8067.9999, 7440.1947
8067.9995, 7440.6045
8067.9992, 7441.0143
8068.2991, 7441.424
8068.5989, 7441.8336
8068.8993, 7441.4237
8069.1997, 7441.0137
8069.2, 7440.6038
8069.5005, 7440.1938
8069.8009, 7439.7838
8069.8012, 7439.374
8070.1017, 7438.964
8070.102, 7438.5541
8070.1023, 7438.1443
8070.1026, 7437.7345
8070.403, 7437.3245
8070.4033, 7436.9146
8070.7037, 7436.5046
8070.7041, 7436.0948
8070.7044, 7435.6848
8071.0048, 7435.2749
8071.0051, 7434.8651
8071.0054, 7434.4553
8071.3058, 7434.0452
8071.3062, 7433.6354
8071.3065, 7433.2256
8071.6069, 7432.8155
8071.9073, 7432.4056
8071.9076, 7431.9957
8072.2081, 7431.5857
8072.2084, 7431.1759
8072.5088, 7430.7659
8072.5091, 7430.3559
8072.8094, 7429.946
8072.8098, 7429.5362
8073.1103, 7429.1262
8073.4107, 7428.7162
8073.7107, 7428.716
8074.0113, 7428.306
8074.3114, 7428.3058
8074.6115, 7428.3057
8074.9117, 7428.3054
8075.2118, 7428.3053
8075.5119, 7428.3052
8075.8117, 7428.7147
8076.1118, 7428.7146
8076.4117, 7429.1243
8076.7118, 7429.1241
8077.0116, 7429.5338
8077.3114, 7429.9435
8077.3111, 7430.3533
8077.3108, 7430.7631
8077.6106, 7431.1728
8077.6103, 7431.5826
8077.9101, 7431.9923
8077.9098, 7432.4021
8078.2096, 7432.8117
8078.5095, 7433.2215
8078.8093, 7433.6311
8078.809, 7434.041
8079.1088, 7434.4506
8079.4086, 7434.8603
8079.4083, 7435.2701
8079.408, 7435.68
8079.4077, 7436.0898
8079.7075, 7436.4995
8080.0073, 7436.9091
8080.3071, 7437.3188
8080.607, 7437.7285
8080.9071, 7437.7283
8081.2072, 7437.7281
8081.5072, 7437.728
8081.8075, 7437.7278
8082.1078, 7437.3178
8082.408, 7437.3176
8082.7084, 7436.9076
8083.0086, 7436.9074
8083.0089, 7436.4976
8083.3093, 7436.0876
8083.6097, 7435.6776
8083.9099, 7435.6774
8083.9102, 7435.2676
8083.9104, 7434.8577
8083.9108, 7434.4479
8084.2112, 7434.0379
8084.5117, 7433.6279
8084.512, 7433.2181
8084.5123, 7432.8082
8084.8127, 7432.3982
8084.813, 7431.9884
8085.1134, 7431.5784
8085.1138, 7431.1685
8085.4142, 7430.7585
8085.4144, 7430.3487
8085.7146, 7430.3485
8086.0151, 7429.9385
8086.0154, 7429.5287
8086.3155, 7429.5285
8086.6153, 7429.9382
8086.9154, 7429.938
8087.2156, 7429.9378
8087.2152, 7430.3477
8087.2149, 7430.7574
8087.5148, 7431.1672
8087.8149, 7431.167
8088.115, 7431.1668
8088.4151, 7431.1667
8088.4148, 7431.5765
8088.7146, 7431.9862
8089.0148, 7431.986
8089.0145, 7432.3958
8089.3143, 7432.8054
8089.314, 7433.2153
8089.6138, 7433.625
8089.9139, 7433.6248
8090.214, 7433.6247
8090.5142, 7433.6245
8090.8146, 7433.2145
8090.8149, 7432.8046
8091.1153, 7432.3946
8091.1156, 7431.9848
8091.116, 7431.575
8091.4163, 7431.1649
8091.7165, 7431.1648
8091.7168, 7430.7549
8091.717, 7430.3451
8091.7174, 7429.9353
8092.0179, 7429.5253
8092.0182, 7429.1154
8092.0185, 7428.7056
8092.3189, 7428.2955
8092.6193, 7427.8856
8092.6197, 7427.4757
8092.9201, 7427.0657
8092.9203, 7426.6559
8093.2208, 7426.2459
8093.5213, 7425.8359
8093.8216, 7425.4259
8093.822, 7425.016
8094.1221, 7425.0159
8094.4222, 7425.0157
8094.7224, 7425.0155
8095.0225, 7425.0154
8095.3226, 7425.0152
8095.6223, 7425.4249
8095.9226, 7425.4247
8096.2227, 7425.4245
8096.5225, 7425.8342
8096.8226, 7425.834
8096.8223, 7426.2438
8096.822, 7426.6537
8097.1218, 7427.0633
8097.422, 7427.0632
8097.4217, 7427.4729
8097.7215, 7427.8827
8097.7212, 7428.2925
8097.7208, 7428.7023
8098.0207, 7429.112
8098.0204, 7429.5218
8098.3202, 7429.9315
8098.3199, 7430.3413
8098.6197, 7430.751
8098.6194, 7431.1608
8098.9192, 7431.5705
8098.9189, 7431.9804
8099.2187, 7432.39
8099.2184, 7432.7999
8099.2181, 7433.2097
8099.2178, 7433.6195
8099.5175, 7434.0292
8099.8174, 7434.4389
8099.8171, 7434.8487
8099.8168, 7435.2585
8100.1166, 7435.6682
8100.1163, 7436.078
8100.4163, 7436.0779
8100.7168, 7435.6679
8101.0167, 7436.0775
8101.3171, 7435.6675
8101.6176, 7435.2575
8101.9177, 7435.2572
8101.918, 7434.8475
8102.2184, 7434.4375
8102.2187, 7434.0277
8102.219, 7433.6178
8102.2194, 7433.208
8102.5198, 7432.798
8102.5201, 7432.3881
8102.8205, 7431.9781
8102.8208, 7431.5683
8102.8211, 7431.1585
8103.1216, 7430.7485
8103.422, 7430.3384
8103.4223, 7429.9285
8103.4226, 7429.5188
8103.7231, 7429.1088
8104.0235, 7428.6987
8104.0238, 7428.2889
8104.3242, 7427.8789
8104.6244, 7427.8787
8104.9245, 7427.8786
8105.2246, 7427.8784
8105.5247, 7427.8782
8105.8249, 7427.878
8106.125, 7427.8779
8106.4248, 7428.2876
8106.7246, 7428.6972
8107.0247, 7428.697
8107.3246, 7429.1067
8107.3242, 7429.5166
8107.3239, 7429.9264
8107.6238, 7430.3361
8107.9236, 7430.7457
8107.9233, 7431.1556
8108.2231, 7431.5652
8108.2227, 7431.975
8108.5226, 7432.3847
8108.5223, 7432.7946
8108.8221, 7433.2042
8109.1222, 7433.2041
8109.1219, 7433.6139
8109.1216, 7434.0237
8109.422, 7433.6137
8109.4224, 7433.2039
8109.7227, 7432.7939
8110.0229, 7432.7936
8110.3233, 7432.3837
8110.6238, 7431.9737
8110.9242, 7431.5636
8110.9245, 7431.1538
8111.225, 7430.7438
8111.2253, 7430.334
8111.2256, 7429.9242
8111.526, 7429.5142
8111.5263, 7429.1043
8111.5266, 7428.6945
8111.5269, 7428.2846
8111.8274, 7427.8746
8112.1278, 7427.4646
8112.128, 7427.0548
8112.1284, 7426.645
8112.4288, 7426.2349
8112.4291, 7425.8251
8112.4295, 7425.4153
8112.7299, 7425.0053
8112.7302, 7424.5954
8113.0306, 7424.1854
8113.0309, 7423.7755
8113.0312, 7423.3658
8113.3317, 7422.9558
8113.332, 7422.5459
8113.3323, 7422.136
8113.6327, 7421.7261
8113.9332, 7421.3161
8113.9335, 7420.9062
8114.2339, 7420.4962
8114.2342, 7420.0864
8114.5346, 7419.6764
8114.8351, 7419.2664
8115.1355, 7418.8564
8115.4359, 7418.4464
8115.7361, 7418.4462
8116.0359, 7418.8559
8116.336, 7418.8557
8116.636, 7418.8555
8116.9362, 7418.8553
8117.2361, 7419.265
8117.2358, 7419.6747
8117.5356, 7420.0845
8117.8354, 7420.4942
8118.1352, 7420.9038
8118.1349, 7421.3136
8118.4346, 7421.7233
8118.4344, 7422.1332
8118.7342, 7422.5428
8118.7339, 7422.9527
8119.0337, 7423.3623
8119.0334, 7423.7722
8119.0331, 7424.182
8119.0328, 7424.5918
8119.3329, 7424.5917
8119.6328, 7425.0013
8119.6324, 7425.4112
8119.9323, 7425.8208
8119.932, 7426.2307
8120.2318, 7426.6404
8120.5316, 7427.05
8120.8317, 7427.0498
8121.1319, 7427.0497
8121.432, 7427.0495
8121.7324, 7426.6395
8122.0325, 7426.6393
8122.0328, 7426.2295
8122.3333, 7425.8195
8122.6337, 7425.4095
8122.634, 7424.9996
8122.9344, 7424.5896
8123.2349, 7424.1796
8123.2352, 7423.7698
8123.2355, 7423.3599
8123.5359, 7422.9499
8123.5362, 7422.5401
8123.8367, 7422.1301
8123.837, 7421.7203
8124.1371, 7421.7201
8124.4372, 7421.7199
8124.7374, 7421.7198
8125.0375, 7421.7196
8125.3376, 7421.7194
8125.6377, 7421.7191
8125.9379, 7421.7191
8126.238, 7421.7189
8126.5381, 7421.7187
8126.5377, 7422.1286
8126.8376, 7422.5382
8127.1374, 7422.9479
8127.4376, 7422.9477
8127.4372, 7423.3576
8127.4369, 7423.7673
8127.7368, 7424.1771
8127.7365, 7424.5869
8127.7361, 7424.9967
8127.7358, 7425.4066
8128.0357, 7425.8162
8128.0352, 7426.2261
8128.3352, 7426.6357
8128.3349, 7427.0456
8128.3345, 7427.4554
8128.6343, 7427.8651
8128.9342, 7428.2747
8129.234, 7428.6844
8129.5338, 7429.0941
8129.8343, 7428.6841
8130.1341, 7429.0937
8130.4344, 7428.6837
8130.4348, 7428.2739
8130.7351, 7427.8639
8131.0357, 7427.4539
8131.3361, 7427.0439
8131.3364, 7426.634
8131.6368, 7426.224
8131.6372, 7425.8142
8131.6375, 7425.4043
8131.6378, 7424.9945
8131.6381, 7424.5847
8131.9385, 7424.1747
8132.2389, 7423.7647
8132.2393, 7423.3548
8132.5396, 7422.9447
8132.54, 7422.535
8132.8404, 7422.125
8133.1409, 7421.7149
8133.4413, 7421.305
8133.7414, 7421.3048
8134.0418, 7420.8948
8134.342, 7420.8946
8134.6418, 7421.3043
8134.9419, 7421.3041
8135.242, 7421.3039
8135.2417, 7421.7138
8135.5415, 7422.1234
8135.8414, 7422.5331
8136.1415, 7422.5329
8136.1412, 7422.9428
8136.441, 7423.3524
8136.7408, 7423.7621
8137.0406, 7424.1718
8137.0403, 7424.5816
8137.04, 7424.9914
8137.0397, 7425.4013
8137.3395, 7425.8109
8137.3392, 7426.2208
8137.639, 7426.6303
8137.9388, 7427.0401
8137.9386, 7427.4499
8138.2384, 7427.8596
8138.2381, 7428.2694
8138.5379, 7428.6791
8138.5375, 7429.0889
8138.5373, 7429.4988
8138.8371, 7429.9083
8138.8368, 7430.3183
8139.1366, 7430.728
8139.1363, 7431.1378
8139.4361, 7431.5474
8139.7365, 7431.1374
8140.0367, 7431.1373
8140.3371, 7430.7273
8140.6372, 7430.7271
8140.9377, 7430.3171
8141.2381, 7429.9071
8141.2384, 7429.4971
8141.5388, 7429.0872
8141.8393, 7428.6772
8141.8396, 7428.2674
8141.8399, 7427.8576
8141.8401, 7427.4477
8141.8405, 7427.0379
8142.1406, 7427.0377
8142.441, 7426.6277
8142.7412, 7426.6275
8143.0416, 7426.2175
8143.3417, 7426.2174
8143.6419, 7426.2172
8143.942, 7426.217
8144.2421, 7426.2168
8144.5425, 7425.8068
8144.8427, 7425.8067
8145.1428, 7425.8065
8145.4426, 7426.2162
8145.7424, 7426.6258
8146.0422, 7427.0355
8146.0419, 7427.4453
8146.3418, 7427.855
8146.6419, 7427.8548
8146.6416, 7428.2647
8146.6413, 7428.6745
8146.9411, 7429.0842
8146.9407, 7429.494
8146.9405, 7429.9038
8147.2403, 7430.3135
8147.24, 7430.7233
8147.5398, 7431.133
8147.5394, 7431.5428
8147.8393, 7431.9525
8147.839, 7432.3623
8147.8387, 7432.7722
8148.1385, 7433.1818
8148.4383, 7433.5915
8148.438, 7434.0013
8148.4377, 7434.4112
8148.7375, 7434.8208
8149.0377, 7434.8207
8149.3378, 7434.8205
8149.6379, 7434.8203
8149.938, 7434.8202
8150.2385, 7434.4102
8150.5389, 7434.0001
8150.8393, 7433.5901
8150.8396, 7433.1803
8151.1401, 7432.7703
8151.1404, 7432.3605
8151.1407, 7431.9506
8151.141, 7431.5408
8151.4414, 7431.1308
8151.4417, 7430.7208
8151.7422, 7430.3109
8151.7425, 7429.9011
8152.0429, 7429.491
8152.0432, 7429.0813
8152.0435, 7428.6714
8152.3439, 7428.2614
8152.6444, 7427.8514
8152.9445, 7427.8512
8152.9447, 7427.4414
8153.2449, 7427.4412
8153.5453, 7427.0312
8153.8458, 7426.6212
8154.1459, 7426.621
8154.4461, 7426.6209
8154.7462, 7426.6207
8154.7459, 7427.0305
8155.0457, 7427.4402
8155.3458, 7427.44
8155.6459, 7427.4399
8155.9458, 7427.8495
8156.2456, 7428.2591
8156.2453, 7428.669
8156.5451, 7429.0787
8156.5448, 7429.4885
8156.5445, 7429.8984
8156.8443, 7430.308
8156.8439, 7430.7179
8157.1438, 7431.1275
8157.4436, 7431.5372
8157.4433, 7431.947
8157.7431, 7432.3567
8157.7428, 7432.7665
8158.0426, 7433.1762
8158.0423, 7433.5859
8158.042, 7433.9959
8158.3418, 7434.4055
8158.6417, 7434.8152
8158.6413, 7435.225
8158.641, 7435.6349
8158.9412, 7435.6347
8159.241, 7436.0444
8159.2407, 7436.4542
8159.5408, 7436.454
8159.8412, 7436.044
8160.1417, 7435.634
8160.4421, 7435.224
8160.7422, 7435.2238
8161.0427, 7434.8138
8161.3431, 7434.4038
8161.3434, 7433.994
8161.3437, 7433.5842
8161.3439, 7433.1743
8161.6444, 7432.7643
8161.6448, 7432.3545
8161.6451, 7431.9445
8161.9455, 7431.5346
8162.2459, 7431.1246
8162.2462, 7430.7147
8162.5467, 7430.3048
8162.547, 7429.895
8162.5473, 7429.4851
8162.8477, 7429.0751
8163.1481, 7428.6651
8163.1485, 7428.2553
8163.4485, 7428.2551
8163.749, 7427.8451
8164.0493, 7427.4351
8164.3496, 7427.4349
8164.6497, 7427.4346
8164.9495, 7427.8444
8165.2496, 7427.8441
8165.5495, 7428.2539
8165.8496, 7428.2537
8166.1494, 7428.6634
8166.4495, 7428.6632
8166.7492, 7429.0729
8166.749, 7429.4827
8167.0489, 7429.8923
8167.0485, 7430.3022
8167.3484, 7430.7119
8167.3481, 7431.1217
8167.6479, 7431.5314
8167.6476, 7431.9412
8167.6473, 7432.3511
8167.9471, 7432.7607
8168.2469, 7433.1703
8168.2466, 7433.5802
8168.2463, 7433.9901
8168.5461, 7434.3997
8168.5457, 7434.8096
8168.8456, 7435.2192
8168.8453, 7435.6291
8169.1457, 7435.2191
8169.4459, 7435.2189
8169.746, 7435.2187
8170.0461, 7435.2186
8170.0464, 7434.8087
8170.0467, 7434.3989
8170.3472, 7433.9889
8170.6476, 7433.5789
8170.9477, 7433.5787
8171.2481, 7433.1687
8171.2485, 7432.7589
8171.2488, 7432.349
8171.249, 7431.9392
8171.5495, 7431.5292
8171.5497, 7431.1193
8171.5501, 7430.7095
8171.8505, 7430.2995
8171.8509, 7429.8897
8172.1513, 7429.4796
8172.1516, 7429.0698
8172.452, 7428.6598
8172.4523, 7428.25
8172.7528, 7427.8399
8172.753, 7427.4301
8173.0535, 7427.0201
8173.3536, 7427.0199
8173.6538, 7427.0198
8173.9539, 7427.0196
8174.254, 7427.0194
8174.5541, 7427.0193
8174.8542, 7427.0191
8175.1541, 7427.4288
8175.1538, 7427.8386
8175.4536, 7428.2483
8175.7534, 7428.6579
8176.0532, 7429.0676
8176.0529, 7429.4774
8176.3527, 7429.8871
8176.3524, 7430.2969
8176.3521, 7430.7067
8176.6519, 7431.1164
8176.9518, 7431.5261
8177.2516, 7431.9358
8177.2513, 7432.3456
8177.251, 7432.7553
8177.2506, 7433.1653
8177.2503, 7433.5751
8177.5502, 7433.9848
8177.5497, 7434.3946
8177.8497, 7434.8043
8177.8494, 7435.2141
8178.1498, 7434.8041
8178.4499, 7434.8039
8178.75, 7434.8037
8179.0505, 7434.3938
8179.0508, 7433.9839
8179.3512, 7433.5739
8179.6513, 7433.5737
8179.6516, 7433.1639
8179.9521, 7432.7539
8180.2525, 7432.3439
8180.2528, 7431.9341
8180.253, 7431.5242
8180.5535, 7431.1142
8180.5539, 7430.7044
8180.8542, 7430.2944
8180.8546, 7429.8845
8181.155, 7429.4745
8181.1553, 7429.0647
8181.1557, 7428.6549
8181.156, 7428.245
8181.4564, 7427.835
8181.4567, 7427.4252
8181.757, 7427.0152
8182.0576, 7426.6052
8182.0579, 7426.1953
8182.0582, 7425.7854
8182.3586, 7425.3755
8182.3589, 7424.9656
8182.6591, 7424.9655
8182.9595, 7424.5554
8183.2599, 7424.1455
8183.56, 7424.1453
8183.8601, 7424.1451
8184.1602, 7424.1449
8184.4601, 7424.5546
8184.7602, 7424.5544
8185.0601, 7424.9641
8185.3602, 7424.9639
8185.3599, 7425.3738
8185.6597, 7425.7833
8185.9598, 7425.7833
8186.2599, 7425.7831
8186.2596, 7426.1929
8186.2593, 7426.6028
8186.5591, 7427.0124
8186.5588, 7427.4223
8186.5585, 7427.8321
8186.5582, 7428.2419
8186.858, 7428.6516
8186.8577, 7429.0614
8187.1575, 7429.4711
8187.1572, 7429.8809
8187.4571, 7430.2906
8187.4567, 7430.7004
8187.7566, 7431.1101
8187.7563, 7431.5199
8187.756, 7431.9298
8188.0558, 7432.3394
8188.0555, 7432.7492
8188.3556, 7432.749
8188.6557, 7432.7489
8188.9555, 7433.1586
8188.9558, 7432.7488
8189.2563, 7432.3388
8189.5564, 7432.3386
8189.8568, 7431.9285
8189.8571, 7431.5188
8190.1576, 7431.1087
8190.1579, 7430.6989
8190.4583, 7430.2889
8190.4586, 7429.8791
8190.4588, 7429.4692
8190.7593, 7429.0592
8190.7597, 7428.6494
8191.0601, 7428.2394
8191.0604, 7427.8295
8191.0607, 7427.4197
8191.3611, 7427.0097
8191.3615, 7426.5998
8191.6619, 7426.1899
8191.6622, 7425.78
8191.9626, 7425.37
8192.2631, 7424.96
8192.5635, 7424.55
8192.8639, 7424.14
8193.1644, 7423.73
8193.4647, 7423.32
