#DataThief C:\Users\Andy.DESKTOP-CFRG05F\OneDrive - California Institute of Technology\Documents\Research\Kornfield\EXPERIMENTS\Italy\data\datathief\20190725_0801_1k3f_60c\20190731_1231_1k3f_7500kPa_60c_T.PNG Thursday 8-Aug-2019 11:20:40 AM
8011.2507, 59.9764
8011.5508, 59.9764
8011.5505, 59.9887
8011.8502, 60.001
8012.1505, 60.001
8012.4506, 60.001
8012.7507, 60.001
8013.0508, 60.001
8013.3513, 59.9887
8013.6514, 59.9887
8013.9515, 59.9887
8013.9518, 59.9764
8014.2519, 59.9764
8014.5521, 59.9764
8014.8521, 59.9764
8015.1522, 59.9764
8015.4524, 59.9764
8015.7526, 59.9764
8016.0527, 59.9763
8016.3528, 59.9763
8016.6529, 59.9763
8016.6533, 59.964
8016.6536, 59.9517
8016.6539, 59.9395
8016.6542, 59.9272
8016.6545, 59.9149
8016.6548, 59.9026
8016.6551, 59.8902
8016.6554, 59.878
8016.6557, 59.8657
8016.656, 59.8534
8016.6562, 59.8411
8016.6566, 59.8288
8016.6569, 59.8165
8016.6573, 59.8042
8016.6576, 59.7919
8016.6579, 59.7795
8016.6582, 59.7673
8016.6585, 59.755
8016.6588, 59.7427
8016.6591, 59.7304
8016.6594, 59.7181
8016.6597, 59.7058
8016.66, 59.6936
8016.6602, 59.6813
8016.6606, 59.669
8016.6609, 59.6566
8016.6612, 59.6444
8016.6616, 59.632
8016.6619, 59.6198
8016.6622, 59.6075
8016.6625, 59.5952
8016.6627, 59.5829
8016.6631, 59.5706
8016.6634, 59.5583
8016.6637, 59.546
8016.664, 59.5337
8016.6643, 59.5213
8016.6646, 59.5091
8016.6649, 59.4968
8016.6652, 59.4845
8016.6656, 59.4722
8016.6659, 59.4599
8016.6662, 59.4476
8016.6665, 59.4354
8016.6667, 59.4231
8016.6671, 59.4108
8016.6674, 59.3985
8016.6677, 59.3862
8016.668, 59.3739
8016.6683, 59.3616
8016.6686, 59.3493
8016.6689, 59.337
8016.6692, 59.3247
8016.6696, 59.3124
8016.6699, 59.3001
8016.6702, 59.2878
8016.6705, 59.2755
8016.6707, 59.2631
8016.6711, 59.2509
8016.6714, 59.2386
8016.6717, 59.2263
8016.672, 59.214
8016.6723, 59.2017
8016.6726, 59.1895
8016.6729, 59.1772
8016.6732, 59.1649
8016.6735, 59.1526
8016.6739, 59.1403
8016.6742, 59.128
8016.6745, 59.1157
8016.6747, 59.1034
8016.6751, 59.0911
8016.6754, 59.0788
8016.6757, 59.0665
8016.676, 59.0542
8016.6763, 59.0419
8016.6766, 59.0296
8016.6768, 59.0173
8016.6772, 59.005
8016.6775, 58.9927
8016.6779, 58.9804
8016.6782, 58.9681
8016.6785, 58.9558
8016.6787, 58.9436
8016.6791, 58.9313
8016.6794, 58.919
8016.6797, 58.9066
8016.68, 58.8944
8016.6803, 58.882
8016.6806, 58.8698
8016.6808, 58.8575
8016.6812, 58.8452
8016.6815, 58.8329
8016.6819, 58.8206
8016.6822, 58.8083
8016.6825, 58.796
8016.6827, 58.7837
8016.6831, 58.7713
8016.6834, 58.7591
8016.6837, 58.7468
8016.684, 58.7345
8016.6843, 58.7222
8016.6846, 58.7099
8016.6848, 58.6976
8016.6852, 58.6854
8016.6855, 58.6731
8016.6859, 58.6608
8016.6862, 58.6484
8016.6865, 58.6362
8016.6867, 58.6239
8016.6871, 58.6116
8016.6874, 58.5993
8016.6877, 58.587
8016.688, 58.5747
8016.6883, 58.5624
8016.6886, 58.5501
8016.6888, 58.5377
8016.6892, 58.5255
8016.6895, 58.5131
8016.6898, 58.5009
8016.6902, 58.4886
8016.6905, 58.4763
8016.6907, 58.464
8016.6911, 58.4517
8016.6914, 58.4395
8016.6917, 58.4272
8016.692, 58.4149
8016.6923, 58.4026
8016.6926, 58.3902
8016.6928, 58.378
8016.6932, 58.3657
8016.6935, 58.3534
8016.6938, 58.3411
8016.6942, 58.3288
8016.6945, 58.3165
8016.6947, 58.3042
8016.6951, 58.2919
8016.6954, 58.2796
8016.6957, 58.2673
8016.9961, 58.255
8016.9964, 58.2427
8016.9967, 58.2304
8016.9969, 58.2181
8016.9967, 58.2304
8016.9964, 58.2427
8016.9961, 58.255
8016.9958, 58.2673
8016.9955, 58.2796
8017.2953, 58.2919
8017.295, 58.3042
8017.2947, 58.3165
8017.2944, 58.3288
8017.2941, 58.3411
8017.2938, 58.3534
8017.2934, 58.3657
8017.2932, 58.378
8017.2929, 58.3902
8017.2926, 58.4026
8017.5924, 58.4148
8017.592, 58.4271
8017.5918, 58.4394
8017.5915, 58.4517
8017.5911, 58.464
8017.2907, 58.4763
8017.2904, 58.4886
8017.2901, 58.5009
8017.2898, 58.5131
8017.2894, 58.5255
8017.2892, 58.5377
8017.2889, 58.5501
8017.2886, 58.5624
8017.2883, 58.5747
8017.2879, 58.587
8017.2876, 58.5993
8017.2873, 58.6116
8017.287, 58.6239
8017.2867, 58.6362
8017.2864, 58.6484
8017.2861, 58.6608
8017.2858, 58.673
8017.2854, 58.6853
8017.2852, 58.6976
8017.2849, 58.7099
8017.5847, 58.7222
8017.5844, 58.7345
8017.584, 58.7468
8017.5838, 58.7591
8017.5835, 58.7713
8017.5832, 58.7837
8017.5828, 58.796
8017.5825, 58.8083
8017.5822, 58.8206
8017.5819, 58.8329
8017.5816, 58.8452
8017.5813, 58.8575
8017.581, 58.8698
8017.5807, 58.882
8017.5804, 58.8944
8017.58, 58.9066
8017.5798, 58.9189
8017.5795, 58.9312
8017.5792, 58.9435
8017.5788, 58.9558
8017.5785, 58.9681
8017.5782, 58.9804
8017.5779, 58.9927
8017.5776, 59.005
8017.5773, 59.0173
8017.577, 59.0296
8017.5767, 59.0419
8017.5764, 59.0542
8017.576, 59.0665
8017.5758, 59.0788
8017.5755, 59.0911
8017.5752, 59.1034
8017.875, 59.1157
8017.8747, 59.128
8017.8744, 59.1403
8017.874, 59.1525
8017.8737, 59.1648
8017.8734, 59.1771
8017.8731, 59.1894
8017.8728, 59.2017
8017.8725, 59.214
8017.8721, 59.2263
8017.8719, 59.2386
8017.8716, 59.2509
8017.8713, 59.2631
8017.871, 59.2755
8017.8707, 59.2878
8017.8704, 59.3001
8017.87, 59.3124
8017.8697, 59.3247
8018.1696, 59.337
8018.1693, 59.3493
8018.1689, 59.3616
8018.1686, 59.3739
8018.1683, 59.386
8018.168, 59.3984
8018.1677, 59.4107
8018.1674, 59.423
8018.1671, 59.4353
8018.1668, 59.4476
8018.1665, 59.4599
8018.1662, 59.4722
8018.466, 59.4845
8018.4657, 59.4968
8018.4654, 59.5091
8018.4651, 59.5213
8018.4647, 59.5337
8018.4645, 59.546
8018.4642, 59.5583
8018.4638, 59.5706
8018.7637, 59.5829
8018.7633, 59.5952
8018.763, 59.6074
8018.7627, 59.6197
8018.7624, 59.632
8019.0623, 59.6442
8019.0619, 59.6566
8019.0616, 59.6689
8019.0613, 59.6812
8019.3615, 59.6812
8019.3611, 59.6935
8019.3608, 59.7058
8019.3605, 59.7181
8019.6606, 59.7181
8019.6602, 59.7304
8019.66, 59.7427
8019.9602, 59.7427
8019.9599, 59.755
8019.9596, 59.7673
8020.2597, 59.7673
8020.2594, 59.7795
8020.2591, 59.7919
8020.5592, 59.7917
8020.5589, 59.8041
8020.859, 59.8041
8020.8587, 59.8164
8021.1588, 59.8164
8021.1585, 59.8287
8021.4586, 59.8287
8021.4583, 59.841
8021.7585, 59.841
8021.7582, 59.8533
8022.0583, 59.8533
8022.058, 59.8656
8022.358, 59.8656
8022.6582, 59.8656
8022.9583, 59.8656
8022.958, 59.8779
8023.2582, 59.8779
8023.2579, 59.8902
8023.558, 59.8902
8023.858, 59.8901
8023.8578, 59.9024
8024.1579, 59.9024
8024.1576, 59.9146
8024.4577, 59.9146
8024.7579, 59.9146
8024.7576, 59.927
8025.0577, 59.927
8025.3578, 59.927
8025.6579, 59.927
8025.9581, 59.927
8026.2582, 59.927
8026.5583, 59.927
8026.8584, 59.927
8027.1586, 59.927
8027.4586, 59.927
8027.7588, 59.927
8028.0589, 59.927
8028.3591, 59.927
8028.3588, 59.9393
8028.3584, 59.9515
8028.6585, 59.9515
8028.9586, 59.9515
8029.2588, 59.9515
8029.5589, 59.9515
8029.8591, 59.9515
8030.1592, 59.9515
8030.4593, 59.9515
8030.459, 59.9638
8030.4586, 59.9761
8030.7588, 59.9761
8030.7585, 59.9884
8030.7582, 60.0007
8030.7579, 60.013
8030.7576, 60.0253
8030.7572, 60.0376
8030.757, 60.0499
8030.7567, 60.0622
8030.7564, 60.0745
8031.0562, 60.0867
8031.0559, 60.099
8031.0556, 60.1113
8031.0553, 60.1236
8031.055, 60.1359
8031.0547, 60.1482
8031.0543, 60.1605
8031.054, 60.1728
8031.0537, 60.1851
8031.3535, 60.1974
8031.3532, 60.2097
8031.3535, 60.1974
8031.3538, 60.1851
8031.3542, 60.1728
8031.3545, 60.1605
8031.3548, 60.1482
8031.3551, 60.1359
8031.3554, 60.1236
8031.3557, 60.1113
8031.3559, 60.099
8031.3563, 60.0867
8031.3566, 60.0744
8031.3569, 60.0622
8031.3572, 60.0499
8031.3575, 60.0376
8031.3578, 60.0253
8031.3582, 60.013
8031.3585, 60.0007
8031.3588, 59.9884
8031.3591, 59.9761
8031.3594, 59.9638
8031.3597, 59.9515
8031.3599, 59.9392
8031.3603, 59.9268
8031.3606, 59.9146
8031.3609, 59.9022
8031.3612, 59.89
8031.3615, 59.8777
8031.3618, 59.8654
8031.3622, 59.8531
8031.3625, 59.8408
8031.3628, 59.8285
8031.3631, 59.8163
8031.3634, 59.804
8031.3637, 59.7917
8031.3639, 59.7793
8031.3643, 59.7671
8031.3646, 59.7548
8031.3649, 59.7425
8031.3652, 59.7302
8031.3655, 59.7179
8031.3658, 59.7056
8031.3662, 59.6933
8031.3665, 59.681
8031.3668, 59.6686
8031.3671, 59.6564
8031.3674, 59.6441
8031.3677, 59.6318
8031.3679, 59.6195
8031.3683, 59.6072
8031.6686, 59.5949
8031.669, 59.5826
8031.6694, 59.5703
8031.6697, 59.558
8031.67, 59.5457
8031.6703, 59.5335
8031.6705, 59.5211
8031.6709, 59.5089
8031.6712, 59.4966
8031.6715, 59.4843
8031.6718, 59.472
8031.6721, 59.4597
8031.6724, 59.4474
8031.6726, 59.4351
8031.673, 59.4228
8031.6734, 59.4104
8031.6737, 59.3982
8031.674, 59.3859
8031.6743, 59.3736
8031.6745, 59.3613
8031.6749, 59.349
8031.6752, 59.3367
8031.6755, 59.3244
8031.6758, 59.3121
8031.6761, 59.2999
8031.6764, 59.2876
8031.6766, 59.2753
8031.677, 59.263
8031.6773, 59.2507
8031.6777, 59.2384
8031.678, 59.2261
8031.6783, 59.2138
8031.6785, 59.2015
8031.6789, 59.1892
8031.6792, 59.1769
8031.6795, 59.1646
8031.6798, 59.1522
8031.6801, 59.14
8031.6804, 59.1277
8031.6806, 59.1154
8031.681, 59.1031
8031.6813, 59.0908
8031.6817, 59.0785
8031.682, 59.0662
8031.6823, 59.054
8031.6825, 59.0417
8031.6829, 59.0294
8031.6832, 59.0171
8031.6835, 59.0048
8031.6838, 58.9925
8031.6841, 58.9802
8031.6844, 58.9679
8031.6846, 58.9556
8031.9845, 58.9679
8031.9842, 58.9802
8031.9839, 58.9925
8031.9836, 59.0048
8031.9832, 59.0171
8031.983, 59.0294
8031.9827, 59.0416
8031.9824, 59.0539
8031.9821, 59.0662
8031.9818, 59.0785
8031.9815, 59.0908
8031.9811, 59.1031
8031.9809, 59.1154
8031.9805, 59.1277
8031.9802, 59.14
8031.9799, 59.1522
8031.9796, 59.1646
8031.9792, 59.1769
8031.979, 59.1892
8031.9787, 59.2015
8031.9784, 59.2138
8031.9781, 59.2261
8031.9778, 59.2384
8031.9775, 59.2507
8031.9771, 59.263
8031.9769, 59.2753
8031.9766, 59.2876
8031.9762, 59.2998
8032.2761, 59.3121
8032.2758, 59.3244
8032.2753, 59.3367
8032.2751, 59.349
8032.2748, 59.3613
8032.2745, 59.3736
8032.2742, 59.3859
8032.2739, 59.3982
8032.2736, 59.4104
8032.2732, 59.4228
8032.273, 59.4351
8032.2727, 59.4474
8032.2724, 59.4597
8032.2721, 59.472
8032.2718, 59.4843
8032.2713, 59.4966
8032.2711, 59.5089
8032.2708, 59.5211
8032.2705, 59.5333
8032.2702, 59.5457
8032.2699, 59.558
8032.2696, 59.5703
8032.2692, 59.5826
8032.269, 59.5949
8032.2687, 59.6072
8032.2684, 59.6195
8032.2681, 59.6318
8032.2678, 59.6441
8032.5676, 59.6564
8032.5673, 59.6686
8032.567, 59.681
8032.5667, 59.6933
8032.5663, 59.7056
8032.5659, 59.7179
8032.5657, 59.7302
8032.5654, 59.7425
8032.5651, 59.7548
8032.5648, 59.767
8032.5645, 59.7793
8032.5642, 59.7915
8032.5638, 59.8039
8032.5636, 59.8162
8032.5633, 59.8285
8032.563, 59.8408
8032.5627, 59.8531
8032.5623, 59.8654
8032.562, 59.8777
8032.5617, 59.89
8032.5614, 59.9022
8032.5611, 59.9146
8032.5608, 59.9268
8032.5605, 59.9392
8032.5602, 59.9515
8032.8599, 59.9638
8032.8597, 59.9761
8032.8594, 59.9884
8032.8591, 60.0007
8032.8588, 60.0129
8032.8585, 60.0252
8032.8582, 60.0375
8032.8578, 60.0498
8032.8576, 60.0621
8032.8572, 60.0744
8032.8569, 60.0867
8033.1568, 60.099
8033.1564, 60.1113
8033.1561, 60.1236
8033.1558, 60.1359
8033.1555, 60.1482
8033.1552, 60.1605
8033.1549, 60.1728
8033.1546, 60.1851
8033.4544, 60.1974
8033.4541, 60.2097
8033.4538, 60.222
8033.7539, 60.2219
8033.7542, 60.2097
8033.7545, 60.1974
8033.7549, 60.1851
8033.7551, 60.1728
8033.7555, 60.1605
8033.7558, 60.1482
8033.7561, 60.1359
8034.0565, 60.1236
8034.0568, 60.1113
8034.0571, 60.099
8034.0574, 60.0867
8034.0577, 60.0744
8034.0581, 60.0621
8034.3585, 60.0498
8034.3588, 60.0375
8034.3591, 60.0252
8034.3594, 60.0129
8034.6598, 60.0006
8034.6602, 59.9883
8034.6604, 59.976
8034.9606, 59.976
8035.2607, 59.976
8035.5608, 59.976
8035.5611, 59.9637
8035.8613, 59.9637
8036.1614, 59.9637
8036.4615, 59.9637
8036.4618, 59.9514
8036.7619, 59.9514
8037.0621, 59.9514
8037.3622, 59.9514
8037.6623, 59.9514
8037.9624, 59.9514
8038.2626, 59.9514
8038.563, 59.9391
8038.8631, 59.9391
8039.1633, 59.9391
8039.4634, 59.9391
8039.7635, 59.9391
8040.0636, 59.9391
8040.3635, 59.9513
8040.6636, 59.9513
8040.9637, 59.9513
8041.2638, 59.9513
8041.564, 59.9513
8041.8641, 59.9513
8042.1642, 59.9513
8042.4643, 59.9513
8042.7645, 59.9513
8043.0646, 59.9513
8043.3644, 59.9636
8043.6644, 59.9636
8043.9646, 59.9636
8044.2648, 59.9636
8044.5649, 59.9636
8044.865, 59.9636
8045.1651, 59.9636
8045.4653, 59.9636
8045.7654, 59.9635
8046.0655, 59.9635
8046.3653, 59.9758
8046.6655, 59.9758
8046.9656, 59.9758
8047.2657, 59.9758
8047.5657, 59.9758
8047.866, 59.9758
8048.1661, 59.9758
8048.4662, 59.9758
8048.7663, 59.9758
8049.0665, 59.9758
8049.3669, 59.9635
8049.667, 59.9635
8049.967, 59.9635
8050.2673, 59.9635
8050.2676, 59.9512
8050.5676, 59.9512
8050.8678, 59.9512
8051.168, 59.9512
8051.4681, 59.9512
8051.7682, 59.951
8052.0683, 59.951
8052.3685, 59.951
8052.6686, 59.951
8052.9687, 59.951
8053.2688, 59.951
8053.569, 59.951
8053.8691, 59.951
8054.1692, 59.951
8054.4693, 59.951
8054.7694, 59.951
8055.0695, 59.951
8055.3697, 59.951
8055.6698, 59.951
8055.97, 59.951
8056.2701, 59.951
8056.5702, 59.951
8056.8702, 59.951
8057.1705, 59.951
8057.4706, 59.951
8057.7707, 59.951
8058.0705, 59.9633
8058.3707, 59.9633
8058.6707, 59.9633
8058.9708, 59.9633
8059.271, 59.9633
8059.5712, 59.9633
8059.8716, 59.951
8060.1717, 59.951
8060.4718, 59.951
8060.772, 59.951
8061.0721, 59.951
8061.0724, 59.9386
8061.3725, 59.9386
8061.6726, 59.9386
8061.9727, 59.9386
8062.2729, 59.9386
8062.2732, 59.9264
8062.5733, 59.9264
8062.8735, 59.9264
8063.1736, 59.9264
8063.4737, 59.9264
8063.7738, 59.9264
8064.074, 59.9263
8064.374, 59.9263
8064.6742, 59.9263
8064.9743, 59.9263
8065.2745, 59.9263
8065.5746, 59.9263
8065.8747, 59.9263
8066.1748, 59.9263
8066.475, 59.9263
8066.7751, 59.9263
8067.0752, 59.9263
8067.3753, 59.9263
8067.6752, 59.9386
8067.9752, 59.9386
8068.2753, 59.9386
8068.5755, 59.9386
8068.8757, 59.9386
8069.1758, 59.9386
8069.4762, 59.9263
8069.7763, 59.9263
8070.0765, 59.9262
8070.3766, 59.9262
8070.6766, 59.9262
8070.9768, 59.9262
8071.277, 59.9262
8071.5771, 59.9262
8071.8775, 59.9139
8072.1776, 59.9139
8072.4778, 59.9139
8072.7779, 59.9139
8073.078, 59.9139
8073.378, 59.9139
8073.6783, 59.9139
8073.9784, 59.9139
8074.2785, 59.9139
8074.5783, 59.9262
8074.8784, 59.9262
8075.1786, 59.9262
8075.4787, 59.9262
8075.7788, 59.9261
8076.079, 59.9261
8076.3791, 59.9261
8076.6792, 59.9261
8076.9792, 59.9261
8077.2795, 59.9261
8077.5796, 59.9261
8077.8797, 59.9261
8078.1798, 59.9261
8078.48, 59.9261
8078.7801, 59.9261
8079.0799, 59.9384
8079.38, 59.9384
8079.6802, 59.9384
8079.9803, 59.9384
8080.2804, 59.9384
8080.5805, 59.9384
8080.8807, 59.9384
8081.1808, 59.9384
8081.4809, 59.9383
8081.781, 59.9383
8082.0812, 59.9383
8082.3813, 59.9383
8082.6814, 59.9383
8082.9815, 59.9383
8083.2817, 59.9383
8083.5817, 59.9383
8083.8819, 59.9383
8084.1823, 59.926
8084.4825, 59.926
8084.7826, 59.926
8085.0827, 59.926
8085.3828, 59.926
8085.683, 59.926
8085.983, 59.926
8086.2832, 59.926
8086.5833, 59.926
8086.8835, 59.926
8087.1836, 59.926
8087.4837, 59.9259
8087.7838, 59.9259
8088.0836, 59.9382
8088.3838, 59.9382
8088.6839, 59.9382
8088.984, 59.9382
8089.2842, 59.9382
8089.5843, 59.9382
8089.8843, 59.9382
8090.1844, 59.9382
8090.4847, 59.9382
8090.7848, 59.9382
8091.0852, 59.9259
8091.3853, 59.9259
8091.6855, 59.9259
8091.9856, 59.9259
8092.2857, 59.9259
8092.5857, 59.9259
8092.886, 59.9259
8093.1861, 59.9259
8093.4862, 59.9258
8093.7863, 59.9258
8094.0865, 59.9258
8094.3866, 59.9258
8094.6867, 59.9258
8094.9868, 59.9258
8095.287, 59.9258
8095.5871, 59.9258
8095.8872, 59.9258
8096.1873, 59.9258
8096.4875, 59.9258
8096.7875, 59.9258
8097.0874, 59.9381
8097.3875, 59.9381
8097.6877, 59.9381
8097.9878, 59.9381
8098.2879, 59.9381
8098.2876, 59.9504
8098.5877, 59.9503
8098.8879, 59.9503
8099.188, 59.9503
8099.4881, 59.9503
8099.7882, 59.9503
8100.0884, 59.9503
8100.3885, 59.9503
8100.6886, 59.9503
8100.9887, 59.9503
8101.2889, 59.9503
8101.589, 59.9503
8101.8891, 59.9503
8102.1892, 59.9503
8102.4894, 59.9503
8102.7898, 59.938
8103.0899, 59.938
8103.39, 59.938
8103.6902, 59.938
8103.9903, 59.938
8104.2904, 59.938
8104.5905, 59.938
8104.8907, 59.9379
8105.1908, 59.9379
8105.4909, 59.9379
8105.791, 59.9379
8106.0912, 59.9379
8106.391, 59.9502
8106.6911, 59.9502
8106.9912, 59.9502
8107.2913, 59.9502
8107.5915, 59.9502
8107.5912, 59.9625
8107.8913, 59.9625
8108.1914, 59.9625
8108.4916, 59.9625
8108.7917, 59.9625
8109.0918, 59.9625
8109.3919, 59.9625
8109.6921, 59.9625
8109.9922, 59.9624
8110.2923, 59.9624
8110.5924, 59.9624
8110.8929, 59.9501
8111.193, 59.9501
8111.4931, 59.9501
8111.7932, 59.9501
8111.7936, 59.9378
8112.0937, 59.9378
8112.3938, 59.9378
8112.6939, 59.9378
8112.9941, 59.9378
8113.2942, 59.9378
8113.5943, 59.9378
8113.8944, 59.9378
8114.1945, 59.9378
8114.4947, 59.9378
8114.7948, 59.9378
8115.0946, 59.9501
8115.3947, 59.9501
8115.6949, 59.9501
8115.995, 59.9501
8116.2951, 59.95
8116.5952, 59.95
8116.8954, 59.95
8117.1952, 59.9623
8117.4953, 59.9623
8117.7953, 59.9623
8118.0956, 59.9623
8118.3957, 59.9623
8118.6958, 59.9623
8118.9959, 59.9623
8119.2958, 59.9746
8119.5958, 59.9746
8119.896, 59.9746
8120.1961, 59.9746
8120.4963, 59.9746
8120.7964, 59.9746
8121.0965, 59.9746
8121.3966, 59.9745
8121.6968, 59.9745
8121.9969, 59.9745
8122.2973, 59.9622
8122.5974, 59.9622
8122.8976, 59.9622
8123.1977, 59.9622
8123.4978, 59.9622
8123.7979, 59.9622
8124.0981, 59.9622
8124.3982, 59.9622
8124.6983, 59.9622
8124.9984, 59.9622
8125.2986, 59.9622
8125.5987, 59.9622
8125.8988, 59.9622
8126.1989, 59.9622
8126.499, 59.9622
8126.7989, 59.9745
8127.099, 59.9745
8127.3991, 59.9744
8127.6993, 59.9744
8127.9994, 59.9744
8128.2995, 59.9744
8128.5996, 59.9744
8128.8998, 59.9744
8129.1999, 59.9744
8129.5, 59.9744
8129.8001, 59.9744
8130.1003, 59.9744
8130.4003, 59.9744
8130.7005, 59.9744
8131.0006, 59.9744
8131.3008, 59.9744
8131.6012, 59.9621
8131.9013, 59.9621
8132.2014, 59.9621
8132.5016, 59.9621
8132.8016, 59.9621
8133.1018, 59.9621
8133.4019, 59.962
8133.7021, 59.962
8134.0022, 59.962
8134.3023, 59.962
8134.6025, 59.962
8134.9026, 59.962
8135.2027, 59.962
8135.5028, 59.962
8135.803, 59.962
8136.1031, 59.962
8136.4029, 59.9743
8136.7029, 59.9743
8137.0031, 59.9743
8137.3033, 59.9743
8137.6034, 59.9743
8137.9035, 59.9743
8138.2036, 59.9743
8138.5038, 59.9743
8138.8039, 59.9743
8139.104, 59.9742
8139.4041, 59.9742
8139.7043, 59.9742
8140.0044, 59.9742
8140.3045, 59.9742
8140.6046, 59.9742
8140.9048, 59.9742
8141.2049, 59.9742
8141.505, 59.9742
8141.8051, 59.9742
8142.1053, 59.9742
8142.4057, 59.9619
8142.7058, 59.9619
8143.006, 59.9619
8143.3061, 59.9619
8143.6061, 59.9619
8143.906, 59.9742
8144.2061, 59.9742
8144.5063, 59.9742
8144.8064, 59.9741
8145.1065, 59.9741
8145.4066, 59.9741
8145.7067, 59.9741
8146.0069, 59.9741
8146.307, 59.9741
8146.6072, 59.9741
8146.9073, 59.9741
8147.2074, 59.9741
8147.5074, 59.9741
8147.8077, 59.9741
8148.1078, 59.9741
8148.4079, 59.9741
8148.7077, 59.9864
8149.0078, 59.9864
8149.308, 59.9864
8149.6084, 59.9741
8149.9085, 59.9741
8150.2086, 59.9741
8150.5088, 59.9741
8150.8089, 59.974
8151.109, 59.974
8151.4092, 59.974
8151.7093, 59.974
8152.0094, 59.974
8152.3094, 59.974
8152.6097, 59.974
8152.9098, 59.974
8153.2099, 59.974
8153.51, 59.974
8153.8102, 59.974
8154.1103, 59.974
8154.4104, 59.974
8154.7105, 59.974
8155.0107, 59.974
8155.3108, 59.974
8155.6109, 59.974
8155.911, 59.974
8156.2112, 59.974
8156.5112, 59.9739
8156.8114, 59.9739
8157.1115, 59.9739
8157.4117, 59.9739
8157.7118, 59.9739
8158.0116, 59.9862
8158.3117, 59.9862
8158.6118, 59.9862
8158.912, 59.9862
8159.2121, 59.9862
8159.5122, 59.9862
8159.8124, 59.9862
8160.1125, 59.9862
8160.4126, 59.9862
8160.713, 59.9739
8161.0132, 59.9739
8161.3133, 59.9739
8161.6134, 59.9739
8161.9135, 59.9739
8162.2137, 59.9739
8162.5138, 59.9738
8162.8138, 59.9738
8163.114, 59.9738
8163.4142, 59.9738
8163.7143, 59.9738
8164.0144, 59.9738
8164.3145, 59.9738
8164.6147, 59.9738
8164.9148, 59.9738
8165.2149, 59.9738
8165.515, 59.9738
8165.8152, 59.9738
8166.1153, 59.9738
8166.4154, 59.9738
8166.7155, 59.9738
8167.0157, 59.9738
8167.3158, 59.9738
8167.6159, 59.9738
8167.9157, 59.986
8168.2159, 59.986
8168.516, 59.986
8168.8161, 59.986
8169.1162, 59.986
8169.4163, 59.986
8169.7165, 59.986
8170.0166, 59.986
8170.317, 59.9737
8170.6172, 59.9737
8170.9173, 59.9737
8171.2174, 59.9737
8171.5175, 59.9737
8171.8176, 59.9737
8172.1178, 59.9737
8172.4179, 59.9737
8172.718, 59.9737
8173.0182, 59.9737
8173.3183, 59.9737
8173.6183, 59.9737
8173.9184, 59.9737
8174.2187, 59.9736
8174.5188, 59.9736
8174.8189, 59.9736
8175.119, 59.9736
8175.4192, 59.9736
8175.7193, 59.9736
8176.0194, 59.9736
8176.3195, 59.9736
8176.6197, 59.9736
8176.9195, 59.9859
8177.2196, 59.9859
8177.5197, 59.9859
8177.8199, 59.9859
8178.12, 59.9859
8178.4201, 59.9859
8178.7202, 59.9859
8179.0204, 59.9859
8179.3205, 59.9859
8179.6206, 59.9859
8179.921, 59.9735
8180.2212, 59.9735
8180.5213, 59.9735
8180.8214, 59.9735
8181.1215, 59.9735
8181.4217, 59.9735
8181.7218, 59.9735
8182.0219, 59.9735
8182.322, 59.9735
8182.6221, 59.9735
8182.9223, 59.9735
8183.2224, 59.9735
8183.5225, 59.9735
8183.8227, 59.9735
8184.1225, 59.9858
8184.4226, 59.9858
8184.7227, 59.9858
8185.0229, 59.9858
8185.323, 59.9858
8185.3227, 59.998
8185.6228, 59.998
8185.9229, 59.998
8186.2231, 59.998
8186.5232, 59.998
8186.8233, 59.998
8187.1231, 60.0103
8187.4233, 60.0103
8187.7234, 60.0103
8188.0232, 60.0226
8188.3233, 60.0226
8188.6234, 60.0226
8188.9239, 60.0103
8189.224, 60.0103
8189.5241, 60.0103
8189.8243, 60.0103
8190.1247, 59.998
8190.4248, 59.998
8190.4251, 59.9857
8190.7252, 59.9857
