#DataThief C:\Users\Andy.DESKTOP-CFRG05F\OneDrive - California Institute of Technology\Documents\Research\Kornfield\EXPERIMENTS\Italy\data\datathief\20190725_0801_1k3f_60c\20190731_1506_1k3f_6500kPa_60c_T_fine.PNG Thursday 8-Aug-2019 11:32:19 AM
8185.9683, 59.5215
8186.2184, 59.5215
8186.4685, 59.5215
8186.7186, 59.5215
8186.9687, 59.5215
8187.2187, 59.5215
8187.4689, 59.5215
8187.7189, 59.5215
8187.9691, 59.5215
8188.2192, 59.5215
8188.4693, 59.5215
8188.7194, 59.5215
8188.9695, 59.5215
8189.2196, 59.5215
8189.47, 59.5091
8189.7201, 59.5091
8189.9702, 59.5091
8190.2203, 59.5091
8190.4704, 59.5091
8190.7208, 59.4968
8190.9708, 59.4968
8191.221, 59.4968
8191.4711, 59.4968
8191.7212, 59.4968
8191.971, 59.5091
8192.2212, 59.5091
8192.4713, 59.5091
8192.7216, 59.4968
8192.7219, 59.4845
8192.972, 59.4845
8192.9722, 59.4722
8193.2226, 59.4599
8193.2229, 59.4476
8193.2231, 59.4353
8193.2234, 59.423
8193.2236, 59.4107
8193.2239, 59.3984
8193.2241, 59.386
8193.2244, 59.3738
8193.2246, 59.3615
8193.2248, 59.3492
8193.2252, 59.3369
8193.2254, 59.3246
8193.2257, 59.3124
8193.2259, 59.3001
8193.2262, 59.2878
8193.2264, 59.2755
8193.2267, 59.2631
8193.227, 59.2509
8193.2272, 59.2386
8193.2275, 59.2263
8193.2277, 59.214
8193.228, 59.2017
8193.2282, 59.1894
8193.2285, 59.1771
8193.2287, 59.1648
8193.229, 59.1525
8193.2293, 59.1402
8193.2295, 59.1279
8193.2298, 59.1156
8193.23, 59.1033
8193.2303, 59.091
8193.2305, 59.0787
8193.2308, 59.0665
8193.2311, 59.0542
8193.2313, 59.0419
8193.2316, 59.0296
8193.2318, 59.0173
8193.2321, 59.005
8193.2323, 58.9927
8193.2326, 58.9804
8193.2328, 58.9681
8193.2331, 58.9558
8193.2334, 58.9435
8193.2336, 58.9312
8193.2339, 58.9189
8193.2341, 58.9066
8193.2344, 58.8942
8193.2346, 58.882
8193.2349, 58.8697
8193.2352, 58.8574
8193.2354, 58.8451
8193.2357, 58.8328
8193.2359, 58.8205
8193.2362, 58.8083
8193.2364, 58.796
8193.2367, 58.7837
8193.2368, 58.7713
8193.2372, 58.7591
8193.2375, 58.7468
8193.2377, 58.7345
8193.238, 58.7222
8193.2382, 58.7099
8193.2385, 58.6976
8193.2387, 58.6853
8193.2389, 58.673
8193.2393, 58.6606
8193.2395, 58.6484
8193.2398, 58.636
8193.24, 58.6238
8193.2403, 58.6115
8193.2405, 58.5992
8193.2408, 58.5869
8193.241, 58.5746
8193.2413, 58.5624
8193.2416, 58.5501
8193.2418, 58.5377
8193.2421, 58.5255
8193.2423, 58.5131
8193.2426, 58.5009
8193.2428, 58.4886
8193.2431, 58.4763
8193.2434, 58.464
8193.2436, 58.4517
8193.2439, 58.4394
8193.2441, 58.4271
8193.2444, 58.4148
8193.2446, 58.4025
8193.2449, 58.3902
8193.2451, 58.3779
8193.2454, 58.3656
8193.2457, 58.3533
8193.2459, 58.341
8193.2462, 58.3287
8193.2464, 58.3164
8193.2467, 58.3042
8193.2469, 58.2919
8193.2472, 58.2796
8193.2475, 58.2673
8193.2477, 58.255
8193.248, 58.2427
8193.2482, 58.2304
8193.2485, 58.2181
8193.2487, 58.2058
8193.249, 58.1935
8193.2492, 58.1812
8193.2495, 58.1689
8193.2498, 58.1566
8193.25, 58.1443
8193.2503, 58.132
8193.2505, 58.1197
8193.2508, 58.1074
8193.251, 58.0951
8193.2513, 58.0828
8193.2516, 58.0705
8193.2518, 58.0583
8193.2521, 58.046
8193.5022, 58.046
8193.7523, 58.0459
8194.0026, 58.0336
8194.2527, 58.0336
8194.5028, 58.0336
8194.7529, 58.0336
8195.0031, 58.0336
8195.2532, 58.0336
8195.5034, 58.0213
8195.7536, 58.0213
8196.0037, 58.0213
8196.0035, 58.0336
8196.0032, 58.0459
8196.003, 58.0582
8196.0027, 58.0705
8196.0024, 58.0828
8196.0022, 58.0951
8196.0019, 58.1074
8196.0017, 58.1197
8196.0014, 58.132
8196.0012, 58.1443
8196.0009, 58.1566
8196.0006, 58.1689
8196.2505, 58.1811
8196.2502, 58.1934
8196.25, 58.2057
8196.2497, 58.218
8196.2495, 58.2303
8196.2492, 58.2426
8196.249, 58.2549
8196.2487, 58.2671
8196.2484, 58.2795
8196.2482, 58.2918
8196.2479, 58.3041
8196.2477, 58.3164
8196.2474, 58.3287
8196.2472, 58.341
8196.2469, 58.3533
8196.4968, 58.3656
8196.4965, 58.3779
8196.4962, 58.3902
8196.496, 58.4024
8196.4957, 58.4147
8196.4955, 58.427
8196.4952, 58.4393
8196.495, 58.4516
8196.4947, 58.4639
8196.4945, 58.4762
8196.4942, 58.4885
8196.4939, 58.5008
8196.4937, 58.5131
8196.4934, 58.5253
8196.4932, 58.5377
8196.7429, 58.55
8196.7428, 58.5623
8196.7425, 58.5746
8196.7422, 58.5869
8196.742, 58.5992
8196.7417, 58.6115
8196.7415, 58.6238
8196.7412, 58.636
8196.741, 58.6482
8196.7407, 58.6606
8196.7405, 58.6729
8196.7402, 58.6852
8196.7399, 58.6975
8196.7397, 58.7098
8196.7393, 58.7221
8196.9893, 58.7344
8196.9889, 58.7467
8196.9888, 58.759
8196.9885, 58.7713
8196.9883, 58.7835
8196.988, 58.7959
8196.9877, 58.8082
8196.9875, 58.8205
8196.9872, 58.8328
8196.987, 58.8451
8197.2368, 58.8574
8197.2366, 58.8696
8197.2363, 58.8819
8197.2361, 58.8942
8197.2358, 58.9064
8197.4856, 58.9188
8197.4854, 58.9311
8197.4851, 58.9434
8197.4849, 58.9557
8197.4846, 58.968
8197.7345, 58.9803
8197.7342, 58.9926
8197.734, 59.0049
8197.7337, 59.0172
8197.9835, 59.0295
8197.9832, 59.0418
8197.983, 59.0541
8198.2328, 59.0663
8198.2326, 59.0786
8198.2324, 59.0909
8198.4822, 59.1032
8198.482, 59.1155
8198.4817, 59.1278
8198.4814, 59.1401
8198.7313, 59.1524
8198.7309, 59.1647
8198.9809, 59.177
8199.2307, 59.1893
8199.2305, 59.2016
8199.4806, 59.2016
8199.4803, 59.2139
8199.7302, 59.2262
8199.98, 59.2384
8199.9798, 59.2507
8200.2299, 59.2507
8200.2296, 59.263
8200.4795, 59.2753
8200.7292, 59.2876
8200.9794, 59.2876
8200.9792, 59.2999
8201.2293, 59.2999
8201.4791, 59.3122
8201.729, 59.3245
8201.979, 59.3245
8201.9788, 59.3368
8202.2288, 59.3368
8202.4788, 59.349
8202.7286, 59.3613
8202.9787, 59.3613
8202.9785, 59.3736
8203.2286, 59.3736
8203.4784, 59.3859
8203.7285, 59.3859
8203.9784, 59.3982
8204.2285, 59.3982
8204.4786, 59.3982
8204.7284, 59.4104
8204.9783, 59.4228
8205.2284, 59.4228
8205.2281, 59.4351
8205.4782, 59.4351
8205.7281, 59.4473
8205.9782, 59.4473
8206.2283, 59.4473
8206.4781, 59.4596
8206.7282, 59.4596
8206.9783, 59.4596
8207.2284, 59.4596
8207.4783, 59.4719
8207.7284, 59.4719
8207.9785, 59.4719
8208.2283, 59.4842
8208.4784, 59.4842
8208.7286, 59.4842
8208.9787, 59.4842
8209.2288, 59.4842
8209.4788, 59.4842
8209.729, 59.4841
8209.9788, 59.4964
8210.2288, 59.4964
8210.479, 59.4964
8210.7288, 59.5087
8210.979, 59.5087
8211.2291, 59.5087
8211.4788, 59.521
8211.729, 59.521
8211.979, 59.521
8212.2292, 59.521
8212.4793, 59.521
8212.7292, 59.5333
8212.9792, 59.5333
8213.2294, 59.5333
8213.4795, 59.5332
8213.7296, 59.5332
8213.9795, 59.5455
8214.2296, 59.5455
8214.4797, 59.5455
8214.7298, 59.5455
8214.9799, 59.5455
8215.2297, 59.5577
8215.4798, 59.5577
8215.7299, 59.5577
8215.98, 59.5577
8216.2299, 59.5701
8216.48, 59.5701
8216.7298, 59.5824
8216.9799, 59.5824
8217.2303, 59.5701
8217.4804, 59.5701
8217.7305, 59.5699
8217.9809, 59.5577
8218.231, 59.5577
8218.4811, 59.5577
8218.7314, 59.5453
8218.9815, 59.5453
8219.2317, 59.5453
8219.4818, 59.5453
8219.7319, 59.5453
8219.982, 59.5453
8220.2321, 59.5453
8220.4822, 59.5453
8220.7323, 59.5453
8220.9824, 59.5453
8221.2322, 59.5577
8221.4823, 59.5577
8221.7324, 59.5577
8221.9825, 59.5577
8222.2324, 59.5699
8222.4825, 59.5699
8222.7326, 59.5699
8222.9824, 59.5822
8223.2326, 59.5822
8223.4827, 59.5822
8223.7325, 59.5945
8223.9826, 59.5945
8224.2327, 59.5945
8224.4828, 59.5945
8224.7328, 59.5945
8224.9828, 59.6068
8225.2328, 59.6068
8225.483, 59.6068
8225.733, 59.6068
8225.9832, 59.6068
8226.2333, 59.6068
8226.4834, 59.6068
8226.7335, 59.6067
8226.9836, 59.6067
8227.2337, 59.6067
8227.4838, 59.6067
8227.7339, 59.6067
8227.984, 59.6067
8228.2341, 59.6067
8228.4842, 59.6067
8228.7343, 59.6067
8228.9844, 59.6067
8229.2345, 59.6067
8229.4846, 59.6067
8229.7348, 59.6067
8229.9849, 59.6067
8230.2349, 59.6067
8230.4851, 59.6067
8230.7351, 59.6067
8230.9853, 59.6067
8231.2354, 59.6067
8231.4855, 59.6066
8231.7356, 59.6066
8231.9857, 59.6066
8232.2358, 59.6066
8232.4856, 59.6189
8232.7357, 59.6189
8232.9859, 59.6189
8233.236, 59.6189
8233.4861, 59.6189
8233.7362, 59.6189
8233.9863, 59.6189
8234.2364, 59.6189
8234.4865, 59.6189
8234.7366, 59.6189
8234.9867, 59.6189
8235.2368, 59.6189
8235.4868, 59.6189
8235.737, 59.6189
8235.987, 59.6189
8236.2375, 59.6066
8236.4876, 59.6065
8236.7377, 59.6065
8236.9878, 59.6065
8237.2379, 59.6065
8237.488, 59.6065
8237.7381, 59.6065
8237.9882, 59.6065
8238.2383, 59.6065
8238.4884, 59.6065
8238.7385, 59.6065
8238.9886, 59.6065
8239.2387, 59.6065
8239.4888, 59.6065
8239.7389, 59.6065
8239.9889, 59.6065
8240.2391, 59.6065
8240.4892, 59.6065
8240.7393, 59.6065
8240.9893, 59.6065
8241.2395, 59.6065
8241.4897, 59.6064
8241.7398, 59.6064
8241.9899, 59.6064
8242.24, 59.6064
8242.4901, 59.6064
8242.7402, 59.6064
8242.9903, 59.6064
8243.2404, 59.6064
8243.4905, 59.6064
8243.7406, 59.6064
8243.9907, 59.6064
8244.2408, 59.6064
8244.4909, 59.6064
8244.741, 59.6064
8244.991, 59.6064
8245.2412, 59.6064
8245.4913, 59.6064
8245.7414, 59.6064
8245.9915, 59.6064
8246.2419, 59.5941
8246.492, 59.5939
8246.7421, 59.5939
8246.9922, 59.5939
8247.2423, 59.5939
8247.4927, 59.5817
8247.7428, 59.5817
8247.9929, 59.5817
8248.2429, 59.5817
8248.4931, 59.5817
8248.7431, 59.5817
8248.9933, 59.5817
8249.2434, 59.5817
8249.4935, 59.5817
8249.7436, 59.5817
8249.9937, 59.5817
8250.2438, 59.5817
8250.4939, 59.5817
8250.744, 59.5817
8250.9941, 59.5817
8251.2445, 59.5694
8251.4946, 59.5694
8251.7447, 59.5693
8251.9948, 59.5693
8252.2449, 59.5693
8252.4948, 59.5816
8252.7449, 59.5816
8252.995, 59.5816
8253.2451, 59.5816
8253.4952, 59.5816
8253.7452, 59.5816
8253.9954, 59.5816
8254.2455, 59.5816
8254.4956, 59.5816
8254.7457, 59.5816
8254.9955, 59.5939
8255.2456, 59.5939
8255.4958, 59.5939
8255.7459, 59.5939
8255.996, 59.5939
8256.2463, 59.5816
8256.4964, 59.5815
8256.7465, 59.5815
8256.9966, 59.5815
8257.2467, 59.5815
8257.4971, 59.5692
8257.7471, 59.5692
8257.9973, 59.5692
8258.2474, 59.5692
8258.4975, 59.5692
8258.7479, 59.5569
8258.998, 59.5569
8259.2481, 59.5569
8259.4982, 59.5569
8259.7483, 59.5569
8259.9984, 59.5569
8260.2485, 59.5569
8260.4986, 59.5569
8260.7487, 59.5569
8260.9988, 59.5569
8261.2489, 59.5569
8261.499, 59.5569
8261.749, 59.5568
8261.9992, 59.5568
8262.249, 59.5691
8262.4992, 59.5691
8262.7492, 59.5691
8262.999, 59.5814
8263.2492, 59.5814
8263.4993, 59.5814
8263.7492, 59.5937
8263.9992, 59.5937
8264.2494, 59.5937
8264.4995, 59.5937
8264.7496, 59.5937
8264.9997, 59.5937
8265.2498, 59.5937
8265.4999, 59.5937
8265.75, 59.5937
8266.0001, 59.5936
8266.2505, 59.5813
8266.5006, 59.5813
8266.7507, 59.5813
8267.0008, 59.5813
8267.2509, 59.5813
8267.5013, 59.569
8267.7513, 59.569
8268.0015, 59.569
8268.2516, 59.569
8268.5017, 59.569
8268.7518, 59.569
8269.0019, 59.569
8269.252, 59.569
8269.5021, 59.569
8269.7522, 59.569
8270.0021, 59.5813
8270.2522, 59.5813
8270.5023, 59.5813
8270.7524, 59.5813
8271.0025, 59.5812
8271.2526, 59.5812
8271.5027, 59.5812
8271.7528, 59.5812
8272.0029, 59.5812
8272.253, 59.5812
8272.5028, 59.5935
8272.7529, 59.5935
8273.0031, 59.5935
8273.2532, 59.5935
8273.5032, 59.5935
8273.7534, 59.5935
8274.0035, 59.5935
8274.2536, 59.5935
8274.5037, 59.5935
8274.7538, 59.5935
8275.0039, 59.5935
8275.254, 59.5935
8275.5041, 59.5935
8275.7542, 59.5934
8276.0043, 59.5934
8276.2544, 59.5934
8276.5045, 59.5934
8276.7546, 59.5934
8277.0047, 59.5934
8277.2548, 59.5934
8277.5051, 59.5811
8277.7553, 59.5811
8278.0054, 59.5811
8278.2555, 59.5811
8278.5056, 59.5811
8278.7557, 59.5811
8279.0058, 59.5811
8279.2559, 59.5811
8279.506, 59.5811
8279.7561, 59.5811
8280.0062, 59.5811
8280.2563, 59.5811
8280.5064, 59.5811
8280.7565, 59.5811
8281.0066, 59.581
8281.2565, 59.5933
8281.5066, 59.5933
8281.7567, 59.5933
8282.0068, 59.5933
8282.2569, 59.5933
8282.5068, 59.6056
8282.7569, 59.6056
8283.007, 59.6056
8283.257, 59.6056
8283.5072, 59.6056
8283.7572, 59.6056
8284.0074, 59.6056
8284.2575, 59.6056
8284.5076, 59.6056
8284.7577, 59.6056
8285.0078, 59.6056
8285.2579, 59.6055
8285.508, 59.6055
8285.7581, 59.6055
8286.0082, 59.6055
8286.2583, 59.6055
8286.5084, 59.6055
8286.7585, 59.6055
8287.0086, 59.6055
8287.2587, 59.6055
8287.5088, 59.6055
8287.759, 59.6055
8288.0091, 59.6055
8288.2591, 59.6055
8288.5093, 59.6055
8288.7593, 59.6055
8289.0095, 59.6055
8289.2596, 59.6055
8289.5097, 59.6055
8289.7598, 59.6055
8290.0099, 59.6055
8290.26, 59.6054
8290.5101, 59.6054
8290.7602, 59.6054
8291.0103, 59.6054
8291.2604, 59.6054
8291.5105, 59.6054
8291.7606, 59.6054
8292.0107, 59.6054
8292.2608, 59.6054
8292.5107, 59.6177
8292.7608, 59.6177
8293.0109, 59.6177
8293.261, 59.6177
8293.511, 59.6177
8293.7612, 59.6177
8294.0113, 59.6177
8294.2614, 59.6177
8294.5114, 59.6177
8294.7616, 59.6176
8295.0117, 59.6176
8295.2618, 59.6176
8295.5119, 59.6176
8295.762, 59.6176
8296.0121, 59.6176
8296.2625, 59.6053
8296.5126, 59.6053
8296.7627, 59.6053
8297.0128, 59.6053
8297.2629, 59.6053
8297.513, 59.6053
8297.7631, 59.6053
8298.0132, 59.6053
8298.2633, 59.6053
8298.5133, 59.6053
8298.7635, 59.6053
8299.0136, 59.6053
8299.2638, 59.6053
8299.5139, 59.6053
8299.764, 59.6053
8300.0141, 59.6052
8300.2642, 59.6052
8300.5143, 59.6052
8300.7644, 59.6052
8301.0145, 59.6052
8301.2646, 59.6052
8301.5147, 59.6052
8301.7648, 59.6052
8302.0149, 59.6052
8302.265, 59.6052
8302.5149, 59.6175
8302.765, 59.6175
8303.0151, 59.6175
8303.2652, 59.6175
8303.5152, 59.6175
8303.7654, 59.6175
8304.0155, 59.6175
8304.2656, 59.6175
8304.5157, 59.6174
8304.7658, 59.6174
8305.0159, 59.6174
8305.266, 59.6174
8305.5161, 59.6174
8305.7662, 59.6174
8306.0163, 59.6174
8306.2667, 59.6051
8306.5168, 59.6051
8306.7669, 59.6051
8307.017, 59.6051
8307.2671, 59.6051
8307.5171, 59.6051
8307.7673, 59.6051
8308.0174, 59.6051
8308.2675, 59.6051
8308.5175, 59.6051
8308.7677, 59.6051
8309.0178, 59.6051
8309.2679, 59.6051
8309.518, 59.6051
8309.7681, 59.605
8310.0182, 59.605
8310.2683, 59.605
8310.5184, 59.605
8310.7685, 59.605
8311.0187, 59.605
8311.2688, 59.605
8311.5189, 59.605
8311.769, 59.605
8312.0191, 59.605
8312.2692, 59.605
8312.519, 59.6173
8312.7691, 59.6173
8313.0192, 59.6173
8313.2692, 59.6173
8313.5194, 59.6173
8313.7694, 59.6173
8314.0196, 59.6173
8314.2698, 59.6172
8314.5199, 59.6172
8314.77, 59.6172
8315.0201, 59.6172
8315.2702, 59.6172
8315.5203, 59.6172
8315.7704, 59.6172
8316.0205, 59.6172
8316.2708, 59.6049
8316.5209, 59.6049
8316.7711, 59.6049
8317.0212, 59.6049
8317.2713, 59.6049
8317.5215, 59.5926
8317.7717, 59.5926
8318.0218, 59.5926
8318.2719, 59.5926
8318.522, 59.5926
8318.7721, 59.5926
8319.0222, 59.5926
8319.2724, 59.5926
8319.5225, 59.5926
8319.7726, 59.5925
8320.0224, 59.6048
8320.2725, 59.6048
8320.5226, 59.6048
8320.7727, 59.6048
8321.0228, 59.6048
8321.2729, 59.6048
8321.523, 59.6048
8321.7731, 59.6048
8322.0232, 59.6048
8322.2732, 59.6048
8322.5232, 59.6171
8322.7732, 59.6171
8323.0234, 59.6171
8323.2735, 59.6171
8323.5236, 59.6171
8323.7737, 59.6171
8324.0238, 59.617
8324.2739, 59.617
8324.524, 59.617
8324.7741, 59.617
8325.0242, 59.617
8325.2743, 59.617
8325.5244, 59.617
8325.7746, 59.617
8326.0249, 59.6047
8326.275, 59.6047
8326.5251, 59.6047
8326.7755, 59.5924
8327.0256, 59.5924
8327.2757, 59.5924
8327.5258, 59.5924
8327.7759, 59.5924
8328.026, 59.5924
8328.2761, 59.5924
8328.5262, 59.5924
8328.7763, 59.5924
8329.0264, 59.5924
8329.2765, 59.5924
8329.5266, 59.5923
8329.7767, 59.5923
8330.0268, 59.5923
8330.2769, 59.5923
8330.527, 59.5923
8330.7772, 59.5923
8331.0273, 59.5923
8331.2774, 59.5923
8331.5274, 59.5923
8331.7776, 59.5923
8332.0277, 59.5923
8332.2778, 59.5923
8332.5276, 59.6046
8332.7776, 59.6046
8333.0278, 59.6046
8333.2779, 59.6046
8333.528, 59.6046
8333.7781, 59.6046
8334.0283, 59.6045
8334.2786, 59.5922
8334.5287, 59.5922
8334.7788, 59.5922
8335.0289, 59.5922
