#DataThief C:\Users\Andy.DESKTOP-CFRG05F\OneDrive - California Institute of Technology\Documents\Research\Kornfield\EXPERIMENTS\Italy\data\datathief\20190725_0801_1k3f_60c\20190729_1545_1k3f_3100kPa_60c_T.PNG Friday 2-Aug-2019 7:13:45 PM
5486.2354, 59.9078
5486.5189, 59.9078
5486.8021, 59.9159
5487.0855, 59.9159
5487.369, 59.9159
5487.6524, 59.9159
5487.9359, 59.9159
5488.2193, 59.9159
5488.503, 59.9077
5488.7865, 59.9077
5489.07, 59.9077
5489.3534, 59.9077
5489.6369, 59.9077
5489.9203, 59.9077
5490.2038, 59.9077
5490.4872, 59.9077
5490.7707, 59.9077
5491.0541, 59.9077
5491.3378, 59.8995
5491.6213, 59.8995
5491.9048, 59.8995
5492.1882, 59.8995
5492.4717, 59.8995
5492.7551, 59.8995
5493.0386, 59.8995
5493.322, 59.8995
5493.6055, 59.8995
5493.8889, 59.8995
5494.1724, 59.8995
5494.4558, 59.8995
5494.7396, 59.8913
5495.023, 59.8913
5495.3065, 59.8913
5495.5899, 59.8913
5495.8734, 59.8913
5496.1568, 59.8912
5496.4403, 59.8912
5496.7237, 59.8912
5497.0072, 59.8912
5497.2906, 59.8912
5497.5741, 59.8912
5497.8575, 59.8912
5498.141, 59.8912
5498.4243, 59.8912
5498.7079, 59.8912
5498.9912, 59.8912
5499.2748, 59.8912
5499.5583, 59.8912
5499.8417, 59.8912
5500.1252, 59.8912
5500.4086, 59.8912
5500.6921, 59.8912
5500.9752, 59.8994
5501.2587, 59.8994
5501.5421, 59.8994
5501.8253, 59.9076
5502.1087, 59.9076
5502.1084, 59.9158
5502.1082, 59.924
5502.1078, 59.9322
5502.1076, 59.9404
5502.1073, 59.9485
5502.3904, 59.9567
5502.3902, 59.9649
5502.3899, 59.9731
5502.3896, 59.9813
5502.3893, 59.9895
5502.389, 59.9977
5502.3887, 60.0059
5502.3884, 60.0141
5502.3881, 60.0223
5502.3878, 60.0305
5502.3875, 60.0387
5502.3872, 60.0469
5502.387, 60.0551
5502.3867, 60.0633
5502.3864, 60.0715
5502.386, 60.0796
5502.6692, 60.0879
5502.669, 60.0961
5502.6686, 60.1043
5502.6684, 60.1125
5502.6681, 60.1207
5502.6678, 60.1289
5502.6675, 60.1371
5502.6672, 60.1453
5502.6669, 60.1535
5502.6665, 60.1617
5502.6663, 60.1699
5502.6661, 60.1781
5502.6658, 60.1863
5502.6655, 60.1944
5502.9485, 60.2026
5502.9483, 60.2107
5502.9481, 60.219
5502.9478, 60.2272
5502.9475, 60.2354
5502.9472, 60.2436
5502.9468, 60.2518
5502.9466, 60.26
5503.2298, 60.2682
5503.2295, 60.2764
5503.2292, 60.2846
5503.2288, 60.2928
5503.5121, 60.301
5503.5118, 60.3092
5503.5114, 60.3174
5503.5112, 60.3256
5503.7943, 60.3338
5503.7941, 60.342
5504.0772, 60.3502
5504.0769, 60.3584
5504.3601, 60.3666
5504.3598, 60.3748
5504.643, 60.3829
5504.9261, 60.3911
5505.2096, 60.3911
5505.4927, 60.3993
5505.7762, 60.3993
5506.0596, 60.3993
5506.3431, 60.3993
5506.3434, 60.3911
5506.3437, 60.3829
5506.3439, 60.3747
5506.3442, 60.3665
5506.3445, 60.3583
5506.3448, 60.3501
5506.3451, 60.3418
5506.3454, 60.3336
5506.3457, 60.3256
5506.346, 60.3174
5506.3463, 60.3092
5506.63, 60.301
5506.6303, 60.2928
5506.6306, 60.2846
5506.6309, 60.2764
5506.6312, 60.2682
5506.6315, 60.26
5506.6318, 60.2518
5506.632, 60.2436
5506.6322, 60.2354
5506.6326, 60.2272
5506.6329, 60.219
5506.6332, 60.2107
5506.917, 60.2026
5506.9172, 60.1944
5506.9175, 60.1862
5506.9178, 60.178
5506.9181, 60.1698
5506.9184, 60.1616
5506.9186, 60.1534
5506.919, 60.1452
5506.9193, 60.137
5506.9196, 60.1288
5506.9199, 60.1206
5506.9202, 60.1124
5507.2039, 60.1042
5507.2042, 60.096
5507.2045, 60.0878
5507.2048, 60.0796
5507.2051, 60.0714
5507.2053, 60.0632
5507.4891, 60.055
5507.4894, 60.0468
5507.4897, 60.0387
5507.49, 60.0305
5507.7737, 60.0223
5507.774, 60.0141
5508.0577, 60.0059
5508.058, 59.9977
5508.3418, 59.9895
5508.6255, 59.9813
5508.909, 59.9813
5509.1927, 59.9731
5509.4762, 59.9731
5509.7596, 59.9731
5510.0431, 59.9729
5510.3268, 59.9647
5510.6101, 59.9647
5510.8937, 59.9647
5511.1774, 59.9566
5511.4609, 59.9566
5511.7443, 59.9566
5512.0278, 59.9566
5512.3112, 59.9566
5512.5947, 59.9566
5512.8784, 59.9484
5513.1619, 59.9484
5513.4453, 59.9484
5513.7288, 59.9484
5514.0122, 59.9484
5514.2957, 59.9484
5514.5792, 59.9484
5514.8626, 59.9484
5515.1461, 59.9484
5515.4295, 59.9484
5515.713, 59.9484
5515.9964, 59.9484
5516.2799, 59.9484
5516.5633, 59.9484
5516.8468, 59.9484
5517.1302, 59.9484
5517.414, 59.9402
5517.6974, 59.9402
5517.9809, 59.9402
5518.2643, 59.9402
5518.5478, 59.9402
5518.8312, 59.9402
5519.1147, 59.9402
5519.3981, 59.9401
5519.6816, 59.9401
5519.9649, 59.9401
5520.2485, 59.9401
5520.5319, 59.9401
5520.8154, 59.9401
5521.0988, 59.9401
5521.3822, 59.9401
5521.6657, 59.9401
5521.9492, 59.9401
5522.2326, 59.9401
5522.5161, 59.9401
5522.7995, 59.9401
5523.083, 59.9401
5523.3664, 59.9401
5523.6499, 59.9401
5523.9333, 59.9401
5524.2168, 59.9401
5524.5002, 59.9401
5524.7837, 59.9401
5525.0672, 59.9401
5525.3506, 59.9401
5525.6341, 59.9401
5525.9175, 59.9401
5526.201, 59.9401
5526.4844, 59.9401
5526.7679, 59.9401
5527.0513, 59.9401
5527.3348, 59.9401
5527.6181, 59.94
5527.9017, 59.94
5528.1848, 59.9482
5528.4683, 59.9482
5528.7517, 59.9482
5529.0349, 59.9564
5529.3183, 59.9564
5529.6018, 59.9564
5529.8852, 59.9564
5530.1687, 59.9564
5530.4521, 59.9564
5530.7353, 59.9646
5531.0188, 59.9646
5531.3022, 59.9646
5531.5857, 59.9646
5531.8691, 59.9646
5532.1526, 59.9646
5532.436, 59.9646
5532.7195, 59.9646
5533.0026, 59.9727
5533.2861, 59.9727
5533.5695, 59.9727
5533.853, 59.9727
5534.1364, 59.9727
5534.4199, 59.9727
5534.7031, 59.9809
5534.9865, 59.9809
5535.27, 59.9809
5535.5534, 59.9809
5535.8369, 59.9809
5536.1203, 59.9809
5536.4035, 59.9891
5536.6869, 59.9891
5536.9704, 59.9891
5537.2535, 59.9973
5537.537, 59.9973
5537.8201, 60.0055
5538.1036, 60.0055
5538.3871, 60.0055
5538.6705, 60.0055
5538.954, 60.0055
5539.2374, 60.0055
5539.5206, 60.0137
5539.804, 60.0137
5540.0875, 60.0137
5540.3709, 60.0137
5540.6543, 60.0137
5540.9378, 60.0137
5541.2213, 60.0137
5541.5047, 60.0137
5541.7882, 60.0136
5542.0716, 60.0136
5542.3551, 60.0136
5542.6385, 60.0136
5542.922, 60.0136
5543.2054, 60.0136
5543.4886, 60.0218
5543.772, 60.0218
5544.0555, 60.0218
5544.339, 60.0218
5544.6223, 60.0218
5544.9059, 60.0218
5545.1893, 60.0218
5545.4727, 60.0218
5545.7562, 60.0218
5546.0397, 60.0218
5546.3231, 60.0218
5546.6066, 60.0218
5546.8897, 60.03
5547.1732, 60.03
5547.4566, 60.03
5547.7401, 60.03
5548.0235, 60.03
5548.307, 60.03
5548.5904, 60.03
5548.8739, 60.03
5549.1573, 60.03
5549.4408, 60.0299
5549.7242, 60.0299
5550.0077, 60.0299
5550.2911, 60.0299
5550.5746, 60.0299
5550.858, 60.0299
5551.1415, 60.0299
5551.425, 60.0299
5551.7084, 60.0299
5551.9919, 60.0299
5552.2753, 60.0299
5552.5588, 60.0299
5552.8422, 60.0299
5553.1257, 60.0299
5553.4091, 60.0299
5553.6926, 60.0299
5553.976, 60.0299
5554.2595, 60.0299
5554.5429, 60.0299
5554.8264, 60.0299
5555.1098, 60.0299
5555.3933, 60.0299
5555.6766, 60.0299
5555.9602, 60.0299
5556.2436, 60.0299
5556.5271, 60.0299
5556.8105, 60.0299
5557.094, 60.0299
5557.3774, 60.0299
5557.6606, 60.038
5557.944, 60.038
5558.2275, 60.038
5558.5109, 60.038
5558.7944, 60.038
5559.0776, 60.0462
5559.361, 60.0462
5559.6444, 60.0462
5559.9279, 60.0462
5560.2114, 60.0462
5560.4948, 60.0462
5560.7783, 60.0462
5561.0617, 60.0462
5561.3452, 60.0462
5561.6286, 60.0462
5561.9121, 60.0462
5562.1955, 60.0462
5562.479, 60.0462
5562.7624, 60.0462
5563.0459, 60.0462
5563.3293, 60.0462
5563.6128, 60.0462
5563.8961, 60.0462
5564.1797, 60.0462
5564.4631, 60.0462
5564.7466, 60.0462
5565.03, 60.0462
5565.3132, 60.0543
5565.5967, 60.0543
5565.8801, 60.0543
5566.1636, 60.0543
5566.447, 60.0543
5566.7305, 60.0543
5567.0139, 60.0543
5567.2974, 60.0543
5567.5808, 60.0543
5567.8643, 60.0543
5568.1477, 60.0543
5568.4312, 60.0543
5568.7146, 60.0543
5568.9984, 60.0461
5569.2818, 60.0461
5569.5653, 60.0461
5569.8487, 60.0461
5570.1322, 60.0461
5570.4156, 60.0461
5570.6991, 60.0461
5570.9825, 60.0461
5571.266, 60.0461
5571.5497, 60.0379
5571.8332, 60.0379
5572.1166, 60.0379
5572.4001, 60.0379
5572.6835, 60.0379
5572.967, 60.0379
5573.2504, 60.0379
5573.5339, 60.0379
5573.817, 60.046
5574.1005, 60.046
5574.3839, 60.046
5574.6674, 60.046
5574.9508, 60.046
5575.2343, 60.046
5575.5178, 60.046
5575.8012, 60.046
5576.0847, 60.046
5576.3681, 60.046
5576.6516, 60.046
5576.935, 60.046
5577.2185, 60.046
5577.5019, 60.046
5577.7854, 60.046
5578.0688, 60.046
5578.3523, 60.046
5578.6357, 60.046
5578.9192, 60.046
5579.2026, 60.046
5579.4861, 60.046
5579.7694, 60.046
5580.053, 60.046
5580.3367, 60.0378
5580.6202, 60.0378
5580.9036, 60.0378
5581.1871, 60.0378
5581.4705, 60.0378
5581.754, 60.0378
5582.0374, 60.0378
5582.3209, 60.0377
5582.6042, 60.0377
5582.8878, 60.0377
5583.1712, 60.0377
5583.4546, 60.0377
5583.7381, 60.0377
5584.0216, 60.0377
5584.3053, 60.0295
5584.5888, 60.0295
5584.8721, 60.0295
5585.1557, 60.0295
5585.4391, 60.0295
5585.7226, 60.0295
5586.006, 60.0295
5586.2894, 60.0295
5586.5729, 60.0295
5586.8564, 60.0295
5587.1398, 60.0295
5587.4233, 60.0295
5587.7067, 60.0295
5587.9902, 60.0295
5588.2737, 60.0295
5588.5571, 60.0295
5588.8408, 60.0213
5589.1243, 60.0213
5589.4077, 60.0213
5589.6912, 60.0213
5589.9747, 60.0213
5590.2581, 60.0213
5590.5415, 60.0213
5590.825, 60.0213
5591.1085, 60.0212
5591.3919, 60.0212
5591.6754, 60.0212
5591.9588, 60.0212
5592.2423, 60.0212
5592.5257, 60.0212
5592.8092, 60.0212
5593.0926, 60.0212
5593.3761, 60.0212
5593.6595, 60.0212
5593.9433, 60.013
5594.2267, 60.013
5594.5102, 60.013
5594.7936, 60.013
5595.0771, 60.013
5595.3605, 60.013
5595.644, 60.013
5595.9274, 60.013
5596.2109, 60.013
5596.4943, 60.013
5596.7778, 60.013
5597.0612, 60.013
5597.3447, 60.013
5597.628, 60.013
5597.9116, 60.013
5598.195, 60.013
5598.4785, 60.013
5598.7619, 60.013
5599.0454, 60.013
5599.3288, 60.013
5599.6122, 60.013
5599.8957, 60.0129
5600.1792, 60.0129
5600.4627, 60.0129
5600.7461, 60.0129
5601.0296, 60.0129
5601.313, 60.0129
5601.5965, 60.0129
5601.8799, 60.0129
5602.1634, 60.0129
5602.4468, 60.0129
5602.7303, 60.0129
5603.0137, 60.0129
5603.2972, 60.0129
5603.5806, 60.0129
5603.8641, 60.0129
5604.1475, 60.0129
5604.431, 60.0129
5604.7144, 60.0129
5604.9979, 60.0129
5605.2812, 60.0129
5605.5648, 60.0129
5605.8481, 60.0129
5606.1317, 60.0129
5606.4151, 60.0129
5606.6985, 60.0129
5606.982, 60.0129
5607.2655, 60.0129
5607.5489, 60.0129
5607.8324, 60.0129
5608.1158, 60.0128
5608.3993, 60.0128
5608.6827, 60.0128
5608.9662, 60.0128
5609.2496, 60.0128
5609.5331, 60.0128
5609.8166, 60.0128
5610.1, 60.0128
5610.3835, 60.0128
5610.6669, 60.0128
5610.9504, 60.0128
5611.2338, 60.0128
5611.5173, 60.0128
5611.8007, 60.0128
5612.0842, 60.0128
5612.3676, 60.0128
5612.6511, 60.0128
5612.9344, 60.0128
5613.218, 60.0128
5613.5013, 60.0128
5613.7849, 60.0128
5614.0683, 60.0128
5614.3518, 60.0128
5614.6352, 60.0128
5614.9186, 60.0128
5615.2021, 60.0128
5615.4856, 60.0128
5615.769, 60.0128
5616.0525, 60.0128
5616.3359, 60.0127
5616.6194, 60.0127
5616.9028, 60.0127
5617.186, 60.0209
5617.4695, 60.0209
5617.7529, 60.0209
5618.0364, 60.0209
5618.3197, 60.0209
5618.6033, 60.0209
5618.8867, 60.0209
5619.1702, 60.0209
5619.4536, 60.0209
5619.737, 60.0209
5620.0205, 60.0209
5620.304, 60.0209
5620.5874, 60.0209
5620.8709, 60.0209
5621.1543, 60.0209
5621.4378, 60.0209
5621.7212, 60.0209
5622.0047, 60.0209
5622.2881, 60.0209
5622.5716, 60.0209
5622.855, 60.0209
5623.1385, 60.0209
5623.4219, 60.0209
5623.7054, 60.0209
5623.9888, 60.0209
5624.2723, 60.0209
5624.5556, 60.0208
5624.8392, 60.0208
5625.1226, 60.0208
5625.4061, 60.0208
5625.6895, 60.0208
5625.9729, 60.0208
5626.2565, 60.0208
5626.5399, 60.0208
5626.8234, 60.0208
5627.1068, 60.0208
5627.3902, 60.0208
5627.6737, 60.0208
5627.9572, 60.0208
5628.2406, 60.0208
5628.5241, 60.0208
5628.8075, 60.0208
5629.091, 60.0208
5629.3744, 60.0208
5629.6579, 60.0208
5629.9413, 60.0208
5630.2248, 60.0208
5630.5082, 60.0208
5630.7917, 60.0208
5631.0751, 60.0208
5631.3586, 60.0208
5631.642, 60.0208
5631.9255, 60.0208
5632.2089, 60.0208
5632.4924, 60.0208
5632.7758, 60.0207
5633.0593, 60.0207
5633.3427, 60.0207
5633.6259, 60.0289
5633.9094, 60.0289
5634.1928, 60.0289
5634.4763, 60.0289
5634.7597, 60.0289
5635.0432, 60.0289
5635.3266, 60.0289
5635.6101, 60.0289
5635.8935, 60.0289
5636.177, 60.0289
5636.4601, 60.0371
5636.7436, 60.0371
5637.027, 60.0371
5637.3105, 60.0371
5637.5939, 60.0371
5637.8774, 60.0371
5638.1608, 60.0371
5638.4443, 60.0371
5638.7277, 60.0371
5639.0112, 60.0371
5639.2946, 60.0371
5639.5781, 60.0371
5639.8615, 60.0371
5640.145, 60.0371
5640.4284, 60.037
5640.7119, 60.037
5640.9954, 60.037
5641.2788, 60.037
5641.5623, 60.037
5641.8457, 60.037
5642.1292, 60.037
5642.4126, 60.037
5642.6961, 60.037
5642.9792, 60.0452
5643.2627, 60.0452
5643.5461, 60.0452
5643.8296, 60.0452
5644.113, 60.0452
5644.3961, 60.0534
5644.6796, 60.0534
5644.963, 60.0534
5645.2465, 60.0534
5645.53, 60.0534
5645.8134, 60.0534
5646.0969, 60.0534
5646.3804, 60.0534
5646.6638, 60.0534
5646.9473, 60.0534
5647.2307, 60.0534
5647.5142, 60.0534
5647.7976, 60.0534
5648.0811, 60.0534
5648.3645, 60.0533
5648.648, 60.0533
5648.9314, 60.0533
5649.2149, 60.0533
5649.4983, 60.0533
5649.7818, 60.0533
5650.0652, 60.0533
5650.3487, 60.0533
5650.632, 60.0533
5650.9156, 60.0533
5651.199, 60.0533
5651.4825, 60.0533
5651.7662, 60.0451
