#DataThief C:\Users\Andy.DESKTOP-CFRG05F\OneDrive - California Institute of Technology\Documents\Research\Kornfield\EXPERIMENTS\Italy\data\datathief\20190725_0801_1k3f_60c\20190801_1341_1k3f_110kPa_60c_mp1.PNG Thursday 8-Aug-2019 11:48:53 AM
9433.257, 13.5989
9433.2567, 13.599
9432.9062, 13.5991
9432.9059, 13.5992
9432.9055, 13.5993
9432.9052, 13.5994
9432.9048, 13.5994
9432.9043, 13.5995
9432.9041, 13.5996
9432.9037, 13.5997
9432.9034, 13.5998
9432.903, 13.5998
9432.9026, 13.6
9432.9022, 13.6
9432.9019, 13.6
9432.9016, 13.6002
9432.9012, 13.6002
9432.9009, 13.6004
9432.9005, 13.6005
9432.9001, 13.6006
9432.8998, 13.6006
9432.8994, 13.6007
9432.8991, 13.6008
9432.8987, 13.6009
9432.8982, 13.601
9432.898, 13.6011
9432.8976, 13.6012
9432.8973, 13.6012
9433.2474, 13.6012
9433.5972, 13.6013
9433.5968, 13.6014
9433.5965, 13.6015
9433.596, 13.6016
9433.5958, 13.6017
9433.5954, 13.6018
9433.595, 13.6018
9433.5947, 13.6019
9433.5943, 13.6019
9433.9445, 13.6019
9434.2943, 13.6021
9434.2939, 13.6021
9434.2934, 13.6023
9434.2932, 13.6024
9434.2928, 13.6025
9434.2925, 13.6025
9434.2921, 13.6026
9434.2917, 13.6027
9434.2913, 13.6028
9434.6412, 13.6029
9434.6408, 13.603
9434.6404, 13.6031
9434.6401, 13.6031
9434.9899, 13.6032
9434.9895, 13.6033
9434.9891, 13.6034
9435.339, 13.6035
9435.3386, 13.6036
9435.3382, 13.6037
9435.3378, 13.6037
9435.6877, 13.6038
9435.6873, 13.6038
9435.687, 13.604
9435.6865, 13.604
9436.0364, 13.6042
9436.036, 13.6042
9436.0357, 13.6042
9436.3855, 13.6044
9436.3851, 13.6045
9436.3847, 13.6046
9436.7345, 13.6047
9436.7342, 13.6048
9436.7338, 13.6049
9437.0836, 13.6049
9437.0832, 13.605
9437.433, 13.6051
9437.4327, 13.6052
9437.7824, 13.6053
9437.7821, 13.6054
9437.7816, 13.6055
9437.7814, 13.6055
9438.1315, 13.6055
9438.4813, 13.6056
9438.4809, 13.6057
9438.4806, 13.6058
9438.4802, 13.6059
9438.4799, 13.6059
9438.4795, 13.6061
9438.8293, 13.6061
9438.8289, 13.6061
9439.1787, 13.6063
9439.1784, 13.6064
9439.178, 13.6065
9439.5278, 13.6066
9439.5274, 13.6067
9439.8772, 13.6068
9439.8769, 13.6068
9440.2267, 13.6069
9440.2263, 13.607
9440.2259, 13.6071
9440.5756, 13.6072
9440.5754, 13.6073
9440.9252, 13.6074
9440.9247, 13.6074
9441.2746, 13.6075
9441.2742, 13.6076
9441.624, 13.6077
9441.6236, 13.6078
9441.9734, 13.6078
9441.9731, 13.608
9442.3229, 13.608
9442.3225, 13.608
9442.6723, 13.6082
9443.0221, 13.6082
9443.0217, 13.6084
9443.3715, 13.6085
9443.3712, 13.6086
9443.7208, 13.6086
9444.0707, 13.6087
9444.0704, 13.6088
9444.4202, 13.6089
9444.7699, 13.609
9444.7696, 13.6091
9445.1194, 13.6092
9445.4692, 13.6092
9445.4687, 13.6093
9445.8186, 13.6094
9446.1684, 13.6095
9446.168, 13.6096
9446.5178, 13.6097
9446.8676, 13.6098
9447.2174, 13.6099
9447.5672, 13.6099
9447.917, 13.6099
9448.2671, 13.6099
9448.2667, 13.6101
9448.2664, 13.6101
9448.6162, 13.6103
9448.966, 13.6104
9449.3157, 13.6105
9449.6655, 13.6105
9450.0153, 13.6106
9450.3655, 13.6106
9450.7156, 13.6106
9450.7151, 13.6107
9451.065, 13.6108
9451.4148, 13.6109
9451.765, 13.6109
9452.1148, 13.611
9452.1144, 13.6111
9452.4645, 13.6111
9452.8143, 13.6111
9453.1641, 13.6112
9453.1638, 13.6113
9453.5139, 13.6113
9453.8641, 13.6113
9454.2138, 13.6114
9454.564, 13.6114
9454.9138, 13.6115
9455.2636, 13.6116
9455.6133, 13.6117
9455.9635, 13.6117
9456.3133, 13.6117
9456.6631, 13.6118
9457.0132, 13.6118
9457.363, 13.6118
9457.713, 13.6118
9458.0629, 13.612
9458.4131, 13.612
9458.7629, 13.612
9459.113, 13.612
9459.4628, 13.6122
9459.8126, 13.6122
9460.1627, 13.6122
9460.5129, 13.6122
9460.8627, 13.6122
9461.2125, 13.6124
9461.5626, 13.6124
9461.9127, 13.6124
9462.2625, 13.6125
9462.6127, 13.6125
9462.9625, 13.6126
9463.3126, 13.6126
9463.6623, 13.6127
9464.0125, 13.6127
9464.3627, 13.6127
9464.7125, 13.6128
9465.0626, 13.6128
9465.4128, 13.6128
9465.7626, 13.6129
9466.1127, 13.6129
9466.4628, 13.6129
9466.8126, 13.6129
9467.1628, 13.6129
9467.5129, 13.6129
9467.8627, 13.613
9468.2129, 13.613
9468.563, 13.613
9468.9132, 13.613
9469.2629, 13.6131
9469.6131, 13.6131
9469.9632, 13.6131
9470.313, 13.6132
9470.6632, 13.6132
9471.0133, 13.6132
9471.3635, 13.6132
9471.7136, 13.6132
9472.0634, 13.6133
9472.4135, 13.6133
9472.7637, 13.6133
9473.1138, 13.6133
9473.4636, 13.6134
9473.8138, 13.6134
9474.1639, 13.6134
9474.5141, 13.6134
9474.8641, 13.6134
9475.214, 13.6135
9475.5641, 13.6135
9475.9143, 13.6135
9476.2644, 13.6135
9476.6146, 13.6135
9476.9644, 13.6135
9477.3145, 13.6135
9477.6646, 13.6135
9478.0148, 13.6135
9478.3649, 13.6135
9478.7151, 13.6135
9479.0652, 13.6135
9479.415, 13.6136
9479.7652, 13.6136
9480.1153, 13.6136
9480.4655, 13.6136
9480.8155, 13.6136
9481.1658, 13.6136
9481.5159, 13.6136
9481.8657, 13.6137
9482.2158, 13.6137
9482.5659, 13.6137
9482.9161, 13.6137
9483.2663, 13.6137
9483.6164, 13.6137
9483.9666, 13.6137
9484.3167, 13.6137
9484.6669, 13.6137
9485.0166, 13.6138
9485.3668, 13.6138
9485.7168, 13.6138
9486.0671, 13.6138
9486.4172, 13.6138
9486.7673, 13.6138
9487.1175, 13.6138
9487.4677, 13.6138
9487.4673, 13.6139
9487.467, 13.6139
9487.4666, 13.6141
9487.4662, 13.6141
9487.4659, 13.6141
9487.4655, 13.6143
9487.4652, 13.6143
9487.4647, 13.6145
9487.4644, 13.6146
9487.4641, 13.6147
9487.4637, 13.6148
9487.4634, 13.6148
9487.463, 13.6149
9487.4626, 13.615
9487.4623, 13.6151
9487.4619, 13.6152
9487.4616, 13.6153
9487.4612, 13.6154
9487.4609, 13.6154
9487.4605, 13.6155
9487.4601, 13.6156
9487.4598, 13.6157
9487.4594, 13.6158
9487.4591, 13.6159
9487.4586, 13.616
9487.4583, 13.616
9487.458, 13.616
9487.4576, 13.6162
9487.4573, 13.6162
9487.4569, 13.6164
9487.4565, 13.6165
9487.4562, 13.6166
9487.4558, 13.6166
9487.4555, 13.6167
9487.4551, 13.6168
9487.4548, 13.6169
9487.4544, 13.617
9487.454, 13.6171
9487.4537, 13.6172
9487.4533, 13.6172
9487.453, 13.6173
9487.4526, 13.6174
9487.4522, 13.6175
9487.4519, 13.6176
9487.4515, 13.6177
9487.4512, 13.6178
9487.4508, 13.6179
9487.4504, 13.6179
9487.4501, 13.6179
9487.4497, 13.6181
9487.4494, 13.6181
9487.449, 13.6183
9487.4487, 13.6183
9487.4483, 13.6185
9487.4479, 13.6185
9487.4476, 13.6186
9487.4472, 13.6187
9487.4469, 13.6188
9487.4465, 13.6189
9487.4461, 13.619
9487.7963, 13.619
9488.1464, 13.619
9488.4969, 13.6189
9488.8471, 13.6189
9489.1976, 13.6188
9489.5476, 13.6188
9489.8982, 13.6187
9490.2484, 13.6187
9490.5989, 13.6186
9490.9489, 13.6186
9491.2995, 13.6185
9491.6497, 13.6185
9492.0002, 13.6185
9492.3503, 13.6185
9492.7008, 13.6183
9493.051, 13.6183
9493.4015, 13.6183
9493.7516, 13.6183
9494.1018, 13.6183
9494.4523, 13.6181
9494.8024, 13.6181
9495.1526, 13.6181
9495.503, 13.6181
9495.8532, 13.6181
9496.2037, 13.6179
9496.5539, 13.6179
9496.904, 13.6179
9497.2545, 13.6179
9497.6047, 13.6179
9497.9552, 13.6179
9498.3053, 13.6179
9498.6555, 13.6179
9499.006, 13.6178
9499.3561, 13.6178
9499.7063, 13.6178
9500.0568, 13.6177
9500.4069, 13.6177
9500.757, 13.6177
9501.1076, 13.6176
9501.4577, 13.6176
9501.8079, 13.6176
9502.1584, 13.6175
9502.5085, 13.6175
9502.8587, 13.6175
9503.2088, 13.6175
9503.5593, 13.6174
9503.9095, 13.6174
9504.26, 13.6173
9504.6101, 13.6173
9504.9603, 13.6173
9505.3108, 13.6172
9505.6609, 13.6172
9506.0111, 13.6172
9506.3612, 13.6172
9506.7117, 13.6172
9507.0619, 13.6172
9507.412, 13.6172
9507.7625, 13.6171
9508.1127, 13.6171
9508.4628, 13.6171
9508.8129, 13.6171
9509.1634, 13.617
9509.5135, 13.617
9509.8637, 13.617
9510.2139, 13.617
9510.5644, 13.6169
9510.9144, 13.6169
9511.2647, 13.6169
9511.6148, 13.6169
9511.9653, 13.6168
9512.3155, 13.6168
9512.6656, 13.6168
9513.0158, 13.6168
9513.3663, 13.6167
9513.7164, 13.6167
9514.0666, 13.6167
9514.4167, 13.6167
9514.7669, 13.6167
9515.1174, 13.6166
9515.4675, 13.6166
9515.8176, 13.6166
9516.1678, 13.6166
9516.5183, 13.6166
9516.8685, 13.6166
9517.2186, 13.6166
9517.5687, 13.6166
9517.9193, 13.6165
9518.2694, 13.6165
9518.6195, 13.6165
9518.9697, 13.6165
9519.3197, 13.6165
9519.67, 13.6165
9520.0205, 13.6164
9520.3706, 13.6164
9520.7208, 13.6164
9521.0709, 13.6164
9521.4211, 13.6164
9521.7715, 13.6162
9522.1217, 13.6162
9522.4719, 13.6162
9522.822, 13.6162
9523.1724, 13.6162
9523.5227, 13.6162
9523.8728, 13.6162
9524.223, 13.6162
9524.5731, 13.6162
9524.9233, 13.6162
9525.2738, 13.616
9525.6239, 13.616
9525.974, 13.616
9526.3242, 13.616
9526.6743, 13.616
9527.0245, 13.616
9527.3746, 13.616
9527.7248, 13.616
9528.0753, 13.616
9528.4254, 13.616
9528.7755, 13.616
9529.1257, 13.616
9529.4759, 13.616
9529.826, 13.616
9530.1762, 13.616
9530.5267, 13.616
9530.8768, 13.616
9531.227, 13.616
9531.5771, 13.616
9531.9272, 13.616
9532.2778, 13.6159
9532.6279, 13.6159
9532.978, 13.6159
9533.3282, 13.6159
9533.6783, 13.6159
9534.0285, 13.6159
9534.3786, 13.6159
9534.7288, 13.6159
9535.0793, 13.6158
9535.4294, 13.6158
9535.7795, 13.6158
9536.1297, 13.6158
9536.4799, 13.6158
9536.83, 13.6158
9537.1802, 13.6158
9537.5303, 13.6158
9537.8808, 13.6157
9538.231, 13.6157
9538.5811, 13.6157
9538.9312, 13.6157
9539.2814, 13.6157
9539.6315, 13.6157
9539.9817, 13.6157
9540.3317, 13.6157
9540.682, 13.6157
9541.0321, 13.6157
9541.3826, 13.6156
9541.7328, 13.6156
9542.0829, 13.6156
9542.4331, 13.6156
9542.7832, 13.6156
9543.1334, 13.6156
9543.4835, 13.6156
9543.8336, 13.6156
9544.1838, 13.6156
9544.5343, 13.6155
9544.8843, 13.6155
9545.2346, 13.6155
9545.5847, 13.6155
9545.9348, 13.6155
9546.285, 13.6155
9546.6352, 13.6155
9546.9853, 13.6155
9547.3355, 13.6155
9547.6856, 13.6155
9548.0358, 13.6155
9548.3862, 13.6154
9548.7364, 13.6154
9549.0866, 13.6154
9549.4367, 13.6154
9549.7868, 13.6154
9550.137, 13.6154
9550.487, 13.6154
9550.8373, 13.6154
9551.1874, 13.6154
9551.5375, 13.6154
9551.8877, 13.6154
9552.2382, 13.6153
9552.5884, 13.6153
9552.9385, 13.6153
9553.2887, 13.6153
9553.6388, 13.6153
9553.9889, 13.6153
9554.3391, 13.6153
9554.6893, 13.6153
9555.0394, 13.6153
9555.3895, 13.6153
9555.7397, 13.6153
9556.0898, 13.6153
9556.44, 13.6153
9556.7901, 13.6153
9557.1403, 13.6153
9557.4908, 13.6153
9557.8409, 13.6153
9558.1911, 13.6153
9558.5412, 13.6153
9558.8914, 13.6153
9559.2415, 13.6153
9559.5917, 13.6153
9559.9418, 13.6153
9560.2919, 13.6153
9560.6421, 13.6153
9560.9922, 13.6153
9561.3427, 13.6152
9561.6928, 13.6152
9562.043, 13.6152
9562.3932, 13.6152
9562.7433, 13.6152
9563.0935, 13.6152
9563.4436, 13.6152
9563.7938, 13.6152
9564.1439, 13.6152
9564.4941, 13.6152
9564.8441, 13.6152
9565.1944, 13.6152
9565.5445, 13.6152
9565.8946, 13.6152
9566.2451, 13.6151
9566.5953, 13.6151
9566.9454, 13.6151
9567.2955, 13.6151
9567.6457, 13.6151
9567.9959, 13.6151
9568.346, 13.6151
9568.6962, 13.6151
9569.0463, 13.6151
9569.3965, 13.6151
9569.7466, 13.6151
9570.0968, 13.6151
9570.4469, 13.6151
9570.797, 13.6151
9571.1472, 13.6151
9571.4973, 13.6151
9571.8475, 13.6151
9572.1976, 13.6151
9572.5478, 13.6151
9572.8979, 13.6151
9573.2481, 13.6151
9573.5981, 13.6151
9573.9484, 13.6151
9574.2985, 13.6151
9574.649, 13.615
9574.9992, 13.615
9575.3493, 13.615
9575.6994, 13.615
9576.0496, 13.615
9576.3997, 13.615
9576.7499, 13.615
9577.1, 13.615
9577.4502, 13.615
9577.8003, 13.615
9578.1505, 13.615
9578.5006, 13.615
9578.8508, 13.615
9579.2009, 13.615
9579.5511, 13.615
9579.9012, 13.615
9580.2513, 13.615
9580.6015, 13.615
9580.952, 13.6149
9581.3021, 13.6149
9581.6522, 13.6149
9582.0024, 13.6149
9582.3526, 13.6149
9582.7027, 13.6149
9583.0529, 13.6149
9583.403, 13.6149
9583.7532, 13.6149
9584.1033, 13.6149
9584.4535, 13.6149
9584.8035, 13.6149
9585.1538, 13.6149
9585.5039, 13.6149
9585.854, 13.6149
9586.2042, 13.6149
9586.5543, 13.6149
9586.9045, 13.6149
9587.2546, 13.6149
9587.6048, 13.6149
9587.9553, 13.6148
9588.3054, 13.6148
9588.6556, 13.6148
9589.0057, 13.6148
9589.3559, 13.6148
9589.706, 13.6148
9590.0562, 13.6148
9590.4062, 13.6148
9590.7564, 13.6148
9591.1066, 13.6148
9591.4567, 13.6148
9591.8069, 13.6148
9592.157, 13.6148
9592.5072, 13.6148
9592.8573, 13.6148
9593.2075, 13.6148
9593.5575, 13.6148
9593.9078, 13.6148
9594.2579, 13.6148
9594.608, 13.6148
9594.9582, 13.6148
9595.3083, 13.6148
9595.6585, 13.6148
9596.009, 13.6147
9596.3591, 13.6147
9596.7088, 13.6148
9597.0591, 13.6148
9597.4092, 13.6148
9597.7593, 13.6148
9598.1095, 13.6148
9598.4597, 13.6148
9598.8102, 13.6147
9599.1602, 13.6147
9599.5105, 13.6147
9599.8606, 13.6147
9600.2107, 13.6147
9600.5609, 13.6147
9600.911, 13.6147
9601.2612, 13.6147
9601.6113, 13.6147
9601.9615, 13.6147
9602.3115, 13.6147
9602.6618, 13.6147
9603.0119, 13.6147
9603.362, 13.6147
9603.7122, 13.6147
9604.0624, 13.6147
9604.4125, 13.6147
9604.7626, 13.6147
9605.1128, 13.6147
9605.4628, 13.6147
9605.8131, 13.6147
9606.1632, 13.6147
9606.5133, 13.6147
9606.8635, 13.6147
9607.2137, 13.6147
9607.5638, 13.6147
9607.914, 13.6147
9608.2641, 13.6147
9608.6143, 13.6147
9608.9644, 13.6147
9609.3145, 13.6147
9609.6646, 13.6147
9610.0148, 13.6147
9610.365, 13.6147
9610.7151, 13.6147
9611.0656, 13.6147
9611.4158, 13.6147
9611.7659, 13.6147
9612.1161, 13.6147
9612.4662, 13.6147
9612.8164, 13.6147
9613.1665, 13.6147
9613.5167, 13.6147
9613.8668, 13.6147
9614.2169, 13.6147
9614.5671, 13.6147
9614.9172, 13.6147
9615.267, 13.6147
