#DataThief C:\Users\Andy.DESKTOP-CFRG05F\OneDrive - California Institute of Technology\Documents\Research\Kornfield\EXPERIMENTS\Italy\data\datathief\20190725_0801_1k3f_60c\20190801_1345_1k3f_110kPa_60c_mp1.PNG Thursday 8-Aug-2019 3:41:36 PM
9487.6945, 13.619
9487.9449, 13.619
9488.1952, 13.619
9488.4456, 13.6189
9488.696, 13.6189
9488.6962, 13.6189
9488.9466, 13.6189
9489.1969, 13.6189
9489.1972, 13.6188
9489.4476, 13.6188
9489.4478, 13.6188
9489.6982, 13.6188
9489.6984, 13.6187
9489.9487, 13.6187
9489.9491, 13.6187
9490.1994, 13.6187
9490.4498, 13.6187
9490.45, 13.6186
9490.7004, 13.6186
9490.9508, 13.6186
9491.2011, 13.6186
9491.2014, 13.6186
9491.4517, 13.6185
9491.452, 13.6185
9491.7021, 13.6185
9491.9525, 13.6185
9491.9527, 13.6185
9492.2028, 13.6185
9492.4529, 13.6185
9492.4532, 13.6185
9492.4534, 13.6183
9492.4537, 13.6183
9492.704, 13.6183
9492.9544, 13.6183
9493.2048, 13.6183
9493.205, 13.6183
9493.4554, 13.6183
9493.7057, 13.6183
9493.9561, 13.6183
9494.2062, 13.6183
9494.4563, 13.6183
9494.4566, 13.6183
9494.4567, 13.6181
9494.4571, 13.6181
9494.7074, 13.6181
9494.9575, 13.6181
9495.2079, 13.6181
9495.4583, 13.6181
9495.7084, 13.6181
9495.7086, 13.6181
9495.959, 13.6181
9495.9592, 13.6181
9495.9595, 13.6181
9496.2096, 13.6181
9496.46, 13.6181
9496.7103, 13.6179
9496.9607, 13.6179
9496.9609, 13.6179
9496.9612, 13.6179
9497.2116, 13.6179
9497.4617, 13.6179
9497.712, 13.6179
9497.9624, 13.6179
9498.2127, 13.6179
9498.4631, 13.6179
9498.7135, 13.6178
9498.9636, 13.6178
9499.2139, 13.6178
9499.2142, 13.6178
9499.2144, 13.6178
9499.4645, 13.6178
9499.7149, 13.6178
9499.7151, 13.6177
9499.9655, 13.6177
9500.2159, 13.6177
9500.466, 13.6177
9500.7164, 13.6177
9500.9665, 13.6177
9500.9667, 13.6177
9501.2171, 13.6176
9501.4674, 13.6176
9501.4677, 13.6176
9501.7181, 13.6176
9501.9684, 13.6176
9502.2187, 13.6175
9502.4691, 13.6175
9502.7191, 13.6175
9502.9693, 13.6175
9503.2197, 13.6175
9503.4701, 13.6175
9503.7204, 13.6175
9503.9708, 13.6174
9504.2211, 13.6174
9504.2214, 13.6174
9504.4718, 13.6174
9504.7221, 13.6174
9504.9725, 13.6173
9505.2227, 13.6173
9505.2231, 13.6173
9505.4732, 13.6173
9505.7233, 13.6173
9505.9734, 13.6173
9505.9737, 13.6173
9506.224, 13.6173
9506.4744, 13.6172
9506.7247, 13.6172
9506.9748, 13.6172
9506.975, 13.6172
9507.2252, 13.6172
9507.2255, 13.6172
9507.4758, 13.6171
9507.7259, 13.6171
9507.7262, 13.6171
9507.9763, 13.6171
9508.2264, 13.6171
9508.4768, 13.6171
9508.7271, 13.6171
9508.9771, 13.6171
9508.9775, 13.6171
9509.2278, 13.617
9509.2281, 13.617
9509.4782, 13.617
9509.7283, 13.617
9509.7286, 13.617
9509.9787, 13.617
9510.229, 13.617
9510.2293, 13.617
9510.2295, 13.6169
9510.4796, 13.6169
9510.7297, 13.6169
9510.73, 13.6169
9510.9804, 13.6169
9511.2305, 13.6169
9511.4808, 13.6169
9511.7309, 13.6169
9511.9813, 13.6169
9512.2314, 13.6169
9512.4818, 13.6168
9512.7321, 13.6168
9512.9822, 13.6168
9513.2323, 13.6168
9513.4827, 13.6168
9513.7328, 13.6168
9513.9832, 13.6168
9513.9834, 13.6168
9514.2338, 13.6167
9514.4839, 13.6167
9514.734, 13.6167
9514.9843, 13.6167
9515.2344, 13.6167
9515.2347, 13.6167
9515.4851, 13.6167
9515.7354, 13.6167
9515.9855, 13.6167
9516.2359, 13.6166
9516.2361, 13.6166
9516.4862, 13.6166
9516.7364, 13.6166
9516.9867, 13.6166
9517.2371, 13.6166
9517.4874, 13.6166
9517.7375, 13.6166
9517.9879, 13.6165
9518.2383, 13.6165
9518.4886, 13.6165
9518.7387, 13.6165
9518.9888, 13.6165
9519.2389, 13.6165
9519.4889, 13.6165
9519.7393, 13.6165
9519.9898, 13.6165
9520.2401, 13.6164
9520.4905, 13.6164
9520.7406, 13.6164
9520.9909, 13.6164
9521.241, 13.6164
9521.4912, 13.6164
9521.7415, 13.6164
9521.7418, 13.6162
9521.9921, 13.6162
9522.2422, 13.6162
9522.4926, 13.6162
9522.7427, 13.6162
9522.9931, 13.6162
9523.2434, 13.6162
9523.4935, 13.6162
9523.7436, 13.6162
9523.994, 13.6162
9524.2441, 13.6162
9524.4942, 13.6162
9524.7446, 13.6162
9524.9949, 13.6162
9525.2453, 13.6162
9525.4954, 13.6162
9525.7457, 13.6162
9525.9959, 13.6162
9526.246, 13.6162
9526.4961, 13.6162
9526.7464, 13.616
9526.9965, 13.616
9527.2469, 13.616
9527.4969, 13.616
9527.7471, 13.616
9527.9975, 13.616
9528.2478, 13.616
9528.4979, 13.616
9528.748, 13.616
9528.9984, 13.616
9529.2487, 13.616
9529.4988, 13.616
9529.749, 13.616
9529.9992, 13.616
9530.2494, 13.616
9530.4998, 13.616
9530.7499, 13.616
9531.0002, 13.616
9531.2506, 13.616
9531.5007, 13.616
9531.7508, 13.616
9532.0009, 13.616
9532.2513, 13.6159
9532.5013, 13.6159
9532.7517, 13.6159
9533.0018, 13.6159
9533.252, 13.6159
9533.5023, 13.6159
9533.7524, 13.6159
9534.0028, 13.6159
9534.2529, 13.6159
9534.503, 13.6159
9534.7532, 13.6159
9535.0037, 13.6158
9535.2538, 13.6158
9535.5039, 13.6158
9535.7543, 13.6158
9536.0044, 13.6158
9536.2545, 13.6158
9536.5046, 13.6158
9536.7547, 13.6158
9537.0051, 13.6158
9537.2554, 13.6158
9537.5055, 13.6158
9537.7556, 13.6158
9538.006, 13.6158
9538.2561, 13.6158
9538.5062, 13.6158
9538.7563, 13.6158
9539.0064, 13.6158
9539.2568, 13.6157
9539.5069, 13.6157
9539.7572, 13.6157
9540.0073, 13.6157
9540.2574, 13.6157
9540.5074, 13.6157
9540.7579, 13.6157
9541.008, 13.6157
9541.2581, 13.6157
9541.5085, 13.6157
9541.7586, 13.6157
9542.0089, 13.6157
9542.259, 13.6157
9542.5093, 13.6156
9542.7595, 13.6156
9543.0096, 13.6156
9543.2597, 13.6156
9543.5098, 13.6156
9543.7602, 13.6156
9544.0103, 13.6156
9544.2606, 13.6156
9544.511, 13.6156
9544.761, 13.6156
9545.0112, 13.6156
9545.2612, 13.6156
9545.5114, 13.6156
9545.7614, 13.6156
9546.0116, 13.6156
9546.2617, 13.6156
9546.5118, 13.6156
9546.7622, 13.6155
9547.0126, 13.6155
9547.2627, 13.6155
9547.5128, 13.6155
9547.7631, 13.6155
9548.0132, 13.6155
9548.2636, 13.6155
9548.5137, 13.6155
9548.7638, 13.6155
9549.0139, 13.6155
9549.264, 13.6155
9549.5144, 13.6155
9549.7645, 13.6155
9550.0146, 13.6155
9550.2649, 13.6154
9550.515, 13.6154
9550.7651, 13.6154
9551.0153, 13.6154
9551.2656, 13.6154
9551.5157, 13.6154
9551.7658, 13.6154
9552.0159, 13.6154
9552.266, 13.6154
9552.5161, 13.6154
9552.7662, 13.6154
9553.0166, 13.6154
9553.2667, 13.6154
9553.5168, 13.6154
9553.7669, 13.6154
9554.017, 13.6154
9554.2674, 13.6154
9554.5177, 13.6154
9554.7678, 13.6154
9555.0179, 13.6154
9555.268, 13.6154
9555.5182, 13.6154
9555.7685, 13.6153
9556.0186, 13.6153
9556.2687, 13.6153
9556.5188, 13.6153
9556.7689, 13.6153
9557.019, 13.6153
9557.2694, 13.6153
9557.5194, 13.6153
9557.7699, 13.6153
9558.02, 13.6153
9558.2701, 13.6153
9558.5202, 13.6153
9558.7703, 13.6153
9559.0204, 13.6153
9559.2705, 13.6153
9559.5206, 13.6153
9559.771, 13.6153
9560.0211, 13.6153
9560.2713, 13.6153
9560.5215, 13.6153
9560.7715, 13.6153
9561.0217, 13.6153
9561.2721, 13.6152
9561.5222, 13.6152
9561.7723, 13.6152
9562.0227, 13.6152
9562.2728, 13.6152
9562.5229, 13.6152
9562.773, 13.6152
9563.0231, 13.6152
9563.2732, 13.6152
9563.5232, 13.6152
9563.7736, 13.6152
9564.0238, 13.6152
9564.2739, 13.6152
9564.524, 13.6152
9564.7743, 13.6152
9565.0244, 13.6152
9565.2748, 13.6152
9565.5249, 13.6152
9565.775, 13.6152
9566.0251, 13.6152
9566.2752, 13.6152
9566.5253, 13.6152
9566.7753, 13.6152
9567.0255, 13.6152
9567.2759, 13.6151
9567.526, 13.6151
9567.7761, 13.6151
9568.0262, 13.6151
9568.2763, 13.6151
9568.5264, 13.6151
9568.7768, 13.6151
9569.0269, 13.6151
9569.277, 13.6151
9569.5271, 13.6151
9569.7772, 13.6151
9570.0273, 13.6151
9570.2776, 13.6151
9570.5276, 13.6151
9570.7776, 13.6151
9571.0277, 13.6151
9571.2781, 13.6151
9571.5282, 13.6151
9571.7783, 13.6151
9572.0284, 13.6151
9572.2785, 13.6151
9572.5288, 13.6151
9572.7789, 13.6151
9573.029, 13.6151
9573.2791, 13.6151
9573.5293, 13.6151
9573.7793, 13.6151
9574.0295, 13.6151
9574.2796, 13.6151
9574.5297, 13.6151
9574.78, 13.6151
9575.0301, 13.6151
9575.2802, 13.6151
9575.5303, 13.6151
9575.7807, 13.615
9576.0308, 13.615
9576.2809, 13.615
9576.531, 13.615
9576.7811, 13.615
9577.0312, 13.615
9577.2812, 13.615
9577.5314, 13.615
9577.7814, 13.615
9578.0319, 13.615
9578.282, 13.615
9578.5321, 13.615
9578.7822, 13.615
9579.0323, 13.615
9579.2824, 13.615
9579.5325, 13.615
9579.7826, 13.615
9580.0327, 13.615
9580.2828, 13.615
9580.5332, 13.615
9580.7833, 13.615
9581.0334, 13.615
9581.2835, 13.615
9581.5339, 13.615
9581.784, 13.615
9582.0341, 13.615
9582.2842, 13.615
9582.5343, 13.615
9582.7844, 13.615
9583.0348, 13.615
9583.2849, 13.615
9583.535, 13.615
9583.7851, 13.615
9584.0352, 13.615
9584.2852, 13.615
9584.5354, 13.615
9584.7856, 13.6149
9585.0358, 13.6149
9585.2859, 13.6149
9585.5361, 13.6149
9585.7862, 13.6149
9586.0363, 13.6149
9586.2864, 13.6149
9586.5365, 13.6149
9586.7868, 13.6149
9587.0369, 13.6149
9587.287, 13.6149
9587.5371, 13.6149
9587.7875, 13.6149
9588.0376, 13.6149
9588.2877, 13.6149
9588.5377, 13.6149
9588.7879, 13.6149
9589.038, 13.6149
9589.2881, 13.6149
9589.5382, 13.6149
9589.7883, 13.6149
9590.0384, 13.6149
9590.2885, 13.6149
9590.5389, 13.6149
9590.789, 13.6149
9591.0391, 13.6149
9591.2892, 13.6149
9591.5393, 13.6149
9591.7894, 13.6149
9592.0395, 13.6149
9592.2896, 13.6149
9592.5396, 13.6149
9592.7901, 13.6149
9593.0402, 13.6149
9593.2903, 13.6149
9593.5404, 13.6149
9593.7905, 13.6149
9594.0406, 13.6149
9594.2907, 13.6149
9594.5408, 13.6149
9594.7909, 13.6149
9595.0413, 13.6148
9595.2913, 13.6148
9595.5415, 13.6148
9595.7915, 13.6148
9596.042, 13.6148
9596.2921, 13.6148
9596.5422, 13.6148
9596.7923, 13.6148
9597.0421, 13.6148
9597.2922, 13.6148
9597.5423, 13.6148
9597.7927, 13.6148
9598.0428, 13.6148
9598.2929, 13.6148
9598.543, 13.6148
9598.7931, 13.6148
9599.0432, 13.6148
9599.2936, 13.6148
9599.5436, 13.6148
9599.7934, 13.6148
9600.0436, 13.6148
9600.2937, 13.6148
9600.5439, 13.6148
9600.794, 13.6148
9601.0441, 13.6148
9601.2942, 13.6148
9601.5445, 13.6148
9601.7946, 13.6148
9602.0445, 13.6148
9602.2948, 13.6148
9602.5449, 13.6148
9602.795, 13.6148
9603.0451, 13.6148
9603.2953, 13.6148
9603.5455, 13.6148
9603.7957, 13.6148
9604.0458, 13.6148
9604.2959, 13.6148
9604.5457, 13.6148
9604.7959, 13.6148
9605.0462, 13.6148
9605.2963, 13.6148
9605.5464, 13.6148
9605.7966, 13.6148
9606.0467, 13.6148
9606.2968, 13.6148
9606.5469, 13.6148
9606.7972, 13.6147
9607.0473, 13.6147
9607.2974, 13.6147
9607.5474, 13.6147
9607.7976, 13.6147
9608.0477, 13.6147
9608.2979, 13.6147
9608.548, 13.6147
9608.7981, 13.6147
9609.0482, 13.6147
9609.2985, 13.6147
9609.5486, 13.6147
9609.7985, 13.6147
9610.0486, 13.6147
9610.2987, 13.6147
9610.549, 13.6147
9610.7992, 13.6147
9611.0493, 13.6147
9611.2993, 13.6147
9611.5495, 13.6147
9611.7995, 13.6147
9612.0499, 13.6147
9612.3, 13.6147
9612.5501, 13.6147
9612.8002, 13.6147
9613.0503, 13.6147
9613.3002, 13.6147
9613.5506, 13.6147
9613.8007, 13.6147
9614.0508, 13.6147
9614.3009, 13.6147
9614.551, 13.6147
9614.8011, 13.6147
9615.0512, 13.6147
9615.3013, 13.6147
9615.5514, 13.6147
9615.8014, 13.6147
9616.0516, 13.6147
9616.3017, 13.6147
9616.5518, 13.6147
9616.8018, 13.6147
9617.052, 13.6147
9617.3021, 13.6147
9617.5522, 13.6147
9617.8023, 13.6147
9618.0524, 13.6147
9618.3028, 13.6147
9618.5529, 13.6147
9618.803, 13.6147
9619.0531, 13.6147
9619.3032, 13.6147
9619.5533, 13.6147
9619.8032, 13.6147
