#DataThief C:\Users\Andy.DESKTOP-CFRG05F\OneDrive - California Institute of Technology\Documents\Research\Kornfield\EXPERIMENTS\Italy\data\datathief\20190725_0801_1k3f_60c\20190731_0922_1k3f_7900kPa_60c_mp1.PNG Thursday 8-Aug-2019 11:09:34 AM
7176.1381, 12.9778
7176.1395, 12.9778
7176.141, 12.9777
7176.1424, 12.9776
7176.1439, 12.9775
7176.1454, 12.9775
7176.1468, 12.9774
7177.5655, 12.9773
7177.567, 12.9771
7177.5684, 12.9771
7177.5699, 12.9771
7177.5713, 12.9769
7177.5728, 12.9769
7177.5742, 12.9768
7177.5756, 12.9768
7177.5771, 12.9767
7177.5786, 12.9766
7178.9973, 12.9765
7180.416, 12.9764
7180.4144, 12.9765
7180.4131, 12.9766
7181.8289, 12.9767
7181.8275, 12.9768
7181.826, 12.9768
7181.8245, 12.9769
7183.2404, 12.9769
7183.2389, 12.9771
7183.2374, 12.9771
7183.236, 12.9771
7183.2345, 12.9773
7184.6503, 12.9774
7184.6489, 12.9775
7184.6474, 12.9775
7184.646, 12.9776
7184.6444, 12.9777
7184.6431, 12.9778
7184.6416, 12.9778
7184.6402, 12.9779
7186.056, 12.978
7186.0545, 12.9781
7186.0531, 12.9782
7186.0516, 12.9782
7186.0502, 12.9783
7186.0487, 12.9784
7186.0473, 12.9785
7186.0458, 12.9785
7186.0444, 12.9786
7187.4602, 12.9787
7187.4586, 12.9788
7187.4573, 12.9788
7187.4558, 12.9788
7187.4544, 12.979
7187.4529, 12.979
7187.4515, 12.9792
7187.45, 12.9792
7187.4485, 12.9792
7187.4471, 12.9794
7187.4457, 12.9795
7187.4442, 12.9796
7187.4428, 12.9796
7188.8586, 12.9797
7188.8571, 12.9798
7188.8557, 12.9799
7188.8542, 12.98
7188.8528, 12.98
7188.8513, 12.9801
7188.8498, 12.9802
7188.8484, 12.9803
7188.8469, 12.9803
7190.2627, 12.9804
7190.2612, 12.9805
7190.2598, 12.9806
7190.2584, 12.9807
7190.2569, 12.9807
7191.6726, 12.9808
7191.6713, 12.9809
7191.6698, 12.9809
7193.0871, 12.9809
7194.5044, 12.9809
7194.5058, 12.9809
7194.5072, 12.9808
7195.926, 12.9807
7195.9274, 12.9807
7195.9289, 12.9806
7195.9303, 12.9805
7195.9318, 12.9804
7197.349, 12.9804
7197.3505, 12.9803
7198.7663, 12.9804
7198.7648, 12.9805
7198.7633, 12.9806
7198.7619, 12.9807
7198.7605, 12.9807
7198.759, 12.9808
7198.7576, 12.9809
7198.7561, 12.9809
7200.1719, 12.9809
7200.1705, 12.9811
7200.169, 12.9811
7200.1676, 12.9813
7200.1661, 12.9814
7200.1647, 12.9814
7200.1632, 12.9815
7200.1618, 12.9816
7200.1602, 12.9817
7200.1589, 12.9817
7201.5747, 12.9818
7201.5732, 12.9819
7202.9889, 12.982
7204.4062, 12.982
7204.4077, 12.9819
7202.9905, 12.9819
7204.4092, 12.9818
7205.8264, 12.9818
7205.8279, 12.9817
7205.8294, 12.9817
7205.8308, 12.9816
7205.8323, 12.9815
7207.2495, 12.9815
7207.251, 12.9814
7207.2524, 12.9814
7207.2539, 12.9813
7208.6711, 12.9813
7208.6697, 12.9814
7208.6682, 12.9814
7208.6667, 12.9815
7210.0826, 12.9816
7210.0811, 12.9817
7210.0796, 12.9817
7210.0782, 12.9818
7210.0768, 12.9819
7210.0753, 12.982
7210.0739, 12.9821
7210.0724, 12.9821
7210.071, 12.9822
7210.0695, 12.9823
7210.0681, 12.9824
7211.4839, 12.9824
7211.4824, 12.9825
7211.4809, 12.9826
7211.4795, 12.9827
7211.4781, 12.9828
7211.4766, 12.9828
7212.8923, 12.9828
7212.891, 12.983
7212.8895, 12.983
7212.888, 12.983
7214.3039, 12.9832
7214.3053, 12.983
7215.7226, 12.983
7215.724, 12.983
7215.7255, 12.983
7217.1442, 12.9828
7217.1456, 12.9828
7217.1471, 12.9828
7217.1485, 12.9827
7217.15, 12.9826
7218.5672, 12.9826
7218.5687, 12.9825
7218.5701, 12.9824
7218.5716, 12.9824
7218.5731, 12.9823
7219.9889, 12.9824
7219.9874, 12.9824
7219.986, 12.9825
7221.4018, 12.9826
7221.4003, 12.9827
7221.3989, 12.9828
7221.3974, 12.9828
7221.396, 12.9828
7221.3945, 12.983
7221.393, 12.983
7221.3916, 12.983
7221.3901, 12.9832
7221.3887, 12.9832
7221.3872, 12.9834
7222.803, 12.9835
7222.8016, 12.9835
7222.8001, 12.9836
7222.7987, 12.9837
7222.7972, 12.9838
7222.7957, 12.9838
7222.7943, 12.9839
7224.2101, 12.984
7224.2086, 12.9841
7224.2072, 12.9842
7225.6245, 12.9842
7227.0418, 12.9842
7227.0432, 12.9841
7227.0447, 12.984
7227.0461, 12.9839
7228.4647, 12.9838
7228.4663, 12.9838
7228.4677, 12.9837
7228.4692, 12.9836
7228.4706, 12.9835
7229.8879, 12.9835
7229.8893, 12.9835
7229.8908, 12.9834
7231.308, 12.9834
7231.3066, 12.9835
7231.3051, 12.9835
7231.3037, 12.9836
7232.7195, 12.9837
7232.718, 12.9838
7232.7166, 12.9838
7232.7151, 12.9839
7232.7137, 12.984
7232.7122, 12.9841
7232.7107, 12.9842
7232.7093, 12.9842
7232.7079, 12.9843
7232.7064, 12.9844
7232.705, 12.9845
7234.1208, 12.9845
7234.1193, 12.9846
7234.1179, 12.9847
7234.1164, 12.9848
7234.115, 12.9849
7235.5308, 12.9849
7236.948, 12.9849
7236.9495, 12.9849
7238.3667, 12.9849
7238.3682, 12.9848
7238.3696, 12.9847
7239.7884, 12.9846
7239.7898, 12.9845
7239.7913, 12.9845
7239.7927, 12.9844
7239.7942, 12.9843
7239.7955, 12.9842
7241.2129, 12.9842
7241.2114, 12.9843
7241.21, 12.9844
7242.6272, 12.9844
7242.6258, 12.9845
7242.6242, 12.9845
7242.6229, 12.9846
7242.6214, 12.9847
7242.62, 12.9848
7242.6185, 12.9849
7242.6171, 12.9849
7242.6156, 12.9849
7242.6141, 12.9851
7244.03, 12.9851
7244.0285, 12.9851
7244.0271, 12.9853
7244.0256, 12.9854
7244.0242, 12.9855
7244.0227, 12.9856
7244.0213, 12.9856
7245.4371, 12.9857
7245.4356, 12.9858
7245.4342, 12.9859
7246.8514, 12.9859
7246.8529, 12.9858
7248.2701, 12.9858
7248.2716, 12.9857
7248.273, 12.9856
7249.6917, 12.9856
7249.6932, 12.9855
7249.6945, 12.9854
7249.6961, 12.9853
7249.6975, 12.9851
7251.1148, 12.9851
7251.1163, 12.9851
7251.1177, 12.9851
7251.1192, 12.9849
7251.1206, 12.9849
7251.1221, 12.9849
7251.1235, 12.9848
7251.125, 12.9847
7252.5436, 12.9846
7252.5451, 12.9845
7253.9609, 12.9846
7253.9595, 12.9847
7252.5422, 12.9847
7253.958, 12.9848
7253.9566, 12.9849
7253.955, 12.9849
7253.9537, 12.9849
7253.9522, 12.9851
7253.9508, 12.9851
7253.9493, 12.9851
7255.3651, 12.9853
7255.3637, 12.9854
7255.3622, 12.9855
7255.3608, 12.9856
7255.3593, 12.9856
7255.3578, 12.9857
7255.3564, 12.9858
7255.355, 12.9859
7256.7708, 12.9859
7256.7692, 12.986
7256.7679, 12.9861
7256.7664, 12.9862
7258.1822, 12.9863
7259.5995, 12.9863
7259.6009, 12.9862
7258.1837, 12.9862
7259.6024, 12.9861
7261.0196, 12.9861
7261.0211, 12.986
7261.0225, 12.9859
7261.024, 12.9859
7262.4412, 12.9859
7262.4426, 12.9858
7262.4442, 12.9857
7262.4456, 12.9856
7262.4471, 12.9856
7262.4485, 12.9855
7263.8672, 12.9854
7263.8687, 12.9853
7263.87, 12.9851
7263.8716, 12.9851
7263.873, 12.9851
7263.8745, 12.9849
7265.2932, 12.9849
7265.2917, 12.9849
7265.2903, 12.9851
7265.2888, 12.9851
7265.2873, 12.9851
7266.7046, 12.9851
7266.7032, 12.9853
7266.7017, 12.9854
7266.7003, 12.9855
7266.6987, 12.9856
7266.6974, 12.9856
7266.6959, 12.9857
7266.6945, 12.9858
7266.693, 12.9859
7266.6916, 12.9859
7268.1074, 12.986
7268.1059, 12.9861
7268.1045, 12.9862
7268.103, 12.9863
7268.1016, 12.9863
7268.1001, 12.9864
7269.5159, 12.9865
7269.5145, 12.9866
7270.9317, 12.9866
7270.9303, 12.9866
7272.3475, 12.9866
7272.349, 12.9866
7272.3504, 12.9865
7273.7691, 12.9864
7273.7706, 12.9863
7273.7721, 12.9863
7273.7734, 12.9862
7275.1908, 12.9862
7275.1922, 12.9861
7275.1937, 12.986
7275.1951, 12.9859
7275.1966, 12.9859
7275.198, 12.9858
7276.6167, 12.9857
7276.6181, 12.9856
7276.6196, 12.9856
7276.6211, 12.9855
7278.0383, 12.9855
7278.0369, 12.9856
7278.0354, 12.9856
7278.034, 12.9857
7278.0325, 12.9858
7279.4483, 12.9859
7279.4469, 12.9859
7279.4454, 12.986
7279.444, 12.9861
7279.4425, 12.9862
7279.4411, 12.9863
7279.4396, 12.9863
7279.4382, 12.9864
7279.4367, 12.9865
7279.4353, 12.9866
7279.4338, 12.9866
7280.8496, 12.9867
7280.8481, 12.9868
7280.8467, 12.9868
7280.8453, 12.987
7280.8437, 12.987
7280.8424, 12.987
7282.2582, 12.9872
7282.2567, 12.9872
7282.2553, 12.9872
7282.2538, 12.9874
7283.6711, 12.9874
7285.0883, 12.9874
7285.0898, 12.9872
7285.0912, 12.9872
7286.5085, 12.9872
7286.5099, 12.9872
7286.5114, 12.987
7286.5128, 12.987
7287.9316, 12.987
7287.933, 12.9868
7287.9344, 12.9868
7287.9359, 12.9867
7287.9374, 12.9866
7289.3561, 12.9866
7289.3575, 12.9865
7289.359, 12.9864
7289.3604, 12.9863
7289.3618, 12.9863
7289.3633, 12.9862
7289.3648, 12.9861
7290.7835, 12.986
7290.785, 12.9859
7292.2008, 12.986
7292.1993, 12.9861
7290.782, 12.9861
7292.1979, 12.9862
7292.1964, 12.9863
7292.1949, 12.9863
7292.1935, 12.9864
7293.6093, 12.9865
7293.6078, 12.9866
7293.6064, 12.9866
7293.6049, 12.9867
7293.6035, 12.9868
7293.6019, 12.9868
7293.6006, 12.987
7293.5991, 12.987
7295.0149, 12.987
7295.0135, 12.9872
7295.012, 12.9872
7295.0106, 12.9872
7296.4264, 12.9874
7297.8437, 12.9874
7297.8451, 12.9872
7299.2624, 12.9872
7299.2638, 12.9872
7299.2652, 12.9872
7300.684, 12.987
7300.6854, 12.987
7300.6869, 12.987
7300.6883, 12.9868
7300.6898, 12.9868
7302.107, 12.9868
7302.1085, 12.9867
7302.1099, 12.9866
7302.1114, 12.9866
7302.1129, 12.9865
7302.1143, 12.9864
7302.1158, 12.9863
7303.5345, 12.9863
7303.5359, 12.9862
7303.5373, 12.9861
7303.5388, 12.986
7303.5403, 12.9859
7304.9575, 12.9859
7304.9561, 12.986
7304.9546, 12.9861
7304.9532, 12.9862
7306.369, 12.9863
7306.3675, 12.9863
7306.366, 12.9864
7306.3646, 12.9865
7306.3632, 12.9866
7306.3617, 12.9866
7306.3603, 12.9867
7306.3588, 12.9868
7306.3574, 12.9868
7307.7732, 12.987
7307.7717, 12.987
7307.7703, 12.987
7307.7688, 12.9872
7307.7673, 12.9872
7307.7659, 12.9872
7307.7645, 12.9874
7309.1803, 12.9875
7309.1788, 12.9876
7309.1774, 12.9877
7310.5932, 12.9877
7310.5946, 12.9877
7310.596, 12.9876
7312.0133, 12.9876
7313.432, 12.9875
7313.4335, 12.9874
7313.4349, 12.9872
7313.4364, 12.9872
7313.4378, 12.9872
7314.8551, 12.9872
7314.8566, 12.987
7314.858, 12.987
7314.8595, 12.987
7314.8609, 12.9868
7314.8624, 12.9868
7314.8638, 12.9867
7316.2825, 12.9866
7316.284, 12.9866
7316.2854, 12.9865
7316.2869, 12.9864
7316.2883, 12.9863
7316.2898, 12.9863
7316.2912, 12.9862
7317.7099, 12.9861
7317.7114, 12.986
7317.7099, 12.9861
7317.7085, 12.9862
7319.1243, 12.9863
7319.1228, 12.9863
7319.1214, 12.9864
7319.1199, 12.9865
7319.1185, 12.9866
7319.117, 12.9866
7319.1156, 12.9867
7319.1141, 12.9868
7319.1127, 12.9868
7319.1112, 12.987
7320.527, 12.987
7320.5255, 12.987
7320.5241, 12.9872
7320.5227, 12.9872
7320.5211, 12.9872
7320.5198, 12.9874
7320.5183, 12.9875
7321.9341, 12.9876
7321.9327, 12.9877
7321.9312, 12.9877
7321.9298, 12.9878
7321.9283, 12.9879
7323.3441, 12.988
7323.3427, 12.988
7324.7599, 12.988
7324.7614, 12.988
7326.1786, 12.988
7326.1801, 12.9879
7326.1815, 12.9878
7327.6002, 12.9877
7327.6017, 12.9877
7327.6032, 12.9876
7327.6046, 12.9875
7327.6061, 12.9874
7327.6075, 12.9872
7329.0248, 12.9872
7329.0262, 12.9872
7329.0277, 12.9872
7329.0291, 12.987
7329.0306, 12.987
7329.032, 12.987
7329.0335, 12.9868
7330.4522, 12.9868
7330.4536, 12.9867
7330.4551, 12.9866
7330.4566, 12.9866
7331.8723, 12.9866
7331.8709, 12.9867
7331.8695, 12.9868
7331.8679, 12.9868
7331.8666, 12.987
7331.8651, 12.987
7331.8636, 12.987
7333.2809, 12.987
7333.2795, 12.9872
7333.278, 12.9872
7333.2765, 12.9872
7333.2751, 12.9874
7333.2736, 12.9875
7333.2722, 12.9876
7333.2707, 12.9877
7334.6865, 12.9877
7334.6851, 12.9878
7334.6836, 12.9879
7334.6822, 12.988
7334.6806, 12.988
7334.6793, 12.9881
7336.0951, 12.9882
7336.0936, 12.9883
7337.5109, 12.9883
7337.5093, 12.9884
7338.9266, 12.9884
7338.9282, 12.9883
7338.9296, 12.9882
7340.3469, 12.9882
7340.3483, 12.9881
7340.3498, 12.988
7340.3512, 12.988
7341.7685, 12.988
7341.7699, 12.9879
7341.7713, 12.9878
7341.7728, 12.9877
7341.7743, 12.9877
7341.7757, 12.9876
7341.7772, 12.9875
7341.7786, 12.9874
7343.1974, 12.9872
7343.1988, 12.9872
7343.2003, 12.9872
7343.2017, 12.987
7343.2032, 12.987
7344.6204, 12.987
7344.619, 12.987
7344.6175, 12.9872
7344.616, 12.9872
7344.6146, 12.9872
7344.6132, 12.9874
7344.6117, 12.9875
7346.029, 12.9875
7346.0275, 12.9876
7346.0261, 12.9877
7346.0246, 12.9877
7346.0232, 12.9878
7346.0217, 12.9879
7346.0203, 12.988
7346.0188, 12.988
7346.0173, 12.9881
7346.0159, 12.9882
7346.0144, 12.9883
7347.4302, 12.9884
7347.4288, 12.9884
7347.4273, 12.9885
7347.4259, 12.9886
7347.4243, 12.9887
7347.423, 12.9887
7347.4215, 12.9888
7347.4201, 12.9889
7348.8359, 12.9889
7348.8344, 12.9891
7348.833, 12.9891
7348.8315, 12.9891
7348.83, 12.9893
7350.2473, 12.9893
7351.6646, 12.9893
7351.6631, 12.9893
7353.0819, 12.9893
7353.0833, 12.9891
7353.0848, 12.9891
7354.5034, 12.9891
7354.5049, 12.9889
7354.5064, 12.9889
7354.5078, 12.9888
7354.5093, 12.9887
7354.5107, 12.9887
7355.928, 12.9887
7355.9294, 12.9886
7355.9308, 12.9885
7355.9323, 12.9884
7355.9338, 12.9884
7355.9352, 12.9883
7357.354, 12.9882
7357.3554, 12.9881
7357.3569, 12.988
7357.3583, 12.988
7357.3598, 12.9879
7357.3612, 12.9878
7357.3627, 12.9877
7357.3641, 12.9877
7357.3656, 12.9876
7358.7843, 12.9875
7358.7828, 12.9876
7360.2001, 12.9876
7360.1985, 12.9877
7360.1972, 12.9877
7360.1957, 12.9878
7360.1943, 12.9879
7360.1928, 12.988
7360.1914, 12.988
7360.1899, 12.9881
7360.1885, 12.9882
7360.187, 12.9883
7361.6028, 12.9884
7361.6014, 12.9884
7361.5998, 12.9885
7361.5985, 12.9886
7361.597, 12.9887
7361.5956, 12.9887
7361.5941, 12.9888
7361.5927, 12.9889
7363.0085, 12.9889
7363.007, 12.9891
7363.0056, 12.9891
7363.0041, 12.9891
7364.4199, 12.9893
7364.4184, 12.9893
7365.8357, 12.9893
7365.8343, 12.9893
7367.253, 12.9893
7367.2544, 12.9893
7367.2559, 12.9891
7367.2572, 12.9891
7368.676, 12.9891
7368.6775, 12.9889
7368.679, 12.9889
7368.6804, 12.9888
7368.6819, 12.9887
7370.0991, 12.9887
7370.1006, 12.9887
7370.102, 12.9886
7370.1035, 12.9885
7370.1049, 12.9884
7370.1064, 12.9884
7371.5251, 12.9883
7371.5265, 12.9882
7371.528, 12.9881
7371.5293, 12.988
7371.5309, 12.988
7371.5323, 12.9879
7371.5338, 12.9878
7371.5352, 12.9877
7372.954, 12.9877
7372.9554, 12.9876
7372.9569, 12.9875
7372.9583, 12.9874
7374.374, 12.9875
7374.3727, 12.9876
7374.3712, 12.9877
7374.3698, 12.9877
7374.3683, 12.9878
7374.3669, 12.9879
7374.3654, 12.988
7374.3639, 12.988
7374.3625, 12.9881
7374.3611, 12.9882
7374.3596, 12.9883
7375.7753, 12.9884
7375.774, 12.9884
7375.7725, 12.9885
7375.771, 12.9886
7375.7696, 12.9887
7377.1854, 12.9887
7377.184, 12.9888
7377.1825, 12.9889
7377.181, 12.9889
7378.5983, 12.9889
7380.0156, 12.9889
7380.017, 12.9889
7381.4343, 12.9889
7381.4357, 12.9888
7381.4372, 12.9887
7382.8559, 12.9887
7382.8573, 12.9886
7382.8588, 12.9885
7382.8601, 12.9884
7382.8617, 12.9884
7382.8631, 12.9883
7384.2804, 12.9883
7384.2819, 12.9882
7384.2833, 12.9881
7384.2848, 12.988
7384.2862, 12.988
7384.2877, 12.9879
7384.2891, 12.9878
7384.2906, 12.9877
7384.292, 12.9877
7385.7107, 12.9876
7385.7122, 12.9875
7385.7136, 12.9874
7385.7151, 12.9872
7385.7165, 12.9872
7387.1338, 12.9872
7387.1323, 12.9872
7387.1309, 12.9874
7387.1294, 12.9875
7387.128, 12.9876
7388.5438, 12.9877
7388.5423, 12.9877
7388.5409, 12.9878
7388.5394, 12.9879
7388.538, 12.988
7388.5365, 12.988
7388.5351, 12.9881
7388.5335, 12.9882
7388.5322, 12.9883
7388.5307, 12.9884
7389.9465, 12.9884
7389.9451, 12.9885
7389.9436, 12.9886
7389.9422, 12.9887
7389.9407, 12.9887
7389.9393, 12.9888
7391.3551, 12.9889
7391.3536, 12.9889
7391.3522, 12.9891
7392.7694, 12.9891
7392.768, 12.9891
7392.7665, 12.9891
7394.1838, 12.9891
7394.1852, 12.9891
7394.1867, 12.9891
7395.6038, 12.9891
7395.6054, 12.9889
7395.6068, 12.9889
7395.6082, 12.9888
7395.6098, 12.9887
7397.027, 12.9887
7397.0285, 12.9887
7397.0299, 12.9886
7397.0314, 12.9885
7397.0328, 12.9884
7397.0343, 12.9884
7398.453, 12.9883
7398.4544, 12.9882
7398.4559, 12.9881
7398.4573, 12.988
7398.4588, 12.988
7398.4602, 12.9879
7398.4617, 12.9878
7399.8803, 12.9877
7399.8819, 12.9877
7399.8833, 12.9876
7399.8848, 12.9875
7399.8862, 12.9874
7399.8877, 12.9872
7401.3049, 12.9872
7401.3035, 12.9874
7401.302, 12.9875
7401.3006, 12.9876
7401.2991, 12.9877
7402.7149, 12.9877
7402.7135, 12.9878
7402.712, 12.9879
7402.7106, 12.988
7402.709, 12.988
7402.7077, 12.9881
7402.7062, 12.9882
7402.7048, 12.9883
7404.1206, 12.9884
7404.1191, 12.9884
7404.1177, 12.9885
7404.1162, 12.9886
7404.1148, 12.9887
7404.1133, 12.9887
7404.1118, 12.9888
7405.5276, 12.9889
7405.5262, 12.9889
7405.5247, 12.9891
7405.5232, 12.9891
7405.5218, 12.9891
7406.9391, 12.9891
7408.3564, 12.9891
7408.3578, 12.9891
7409.7751, 12.9891
7409.7765, 12.9891
7411.1952, 12.9889
7411.1967, 12.9889
7411.1981, 12.9888
7411.1996, 12.9887
7411.201, 12.9887
7411.2025, 12.9886
7412.6198, 12.9886
7412.6212, 12.9885
7412.6227, 12.9884
7412.624, 12.9884
7412.6256, 12.9883
7412.627, 12.9882
7412.6284, 12.9881
7412.6299, 12.988
7414.0486, 12.988
7414.0501, 12.9879
7414.0515, 12.9878
7414.053, 12.9877
7414.0544, 12.9877
7414.0559, 12.9876
7415.4746, 12.9875
7415.4731, 12.9876
7415.4717, 12.9877
7416.889, 12.9877
7416.8875, 12.9877
7416.886, 12.9878
7416.8846, 12.9879
7416.8831, 12.988
7416.8817, 12.988
7416.8801, 12.9881
7416.8788, 12.9882
7416.8773, 12.9883
7418.2931, 12.9884
7418.2917, 12.9884
7418.2902, 12.9885
7418.2888, 12.9886
7418.2873, 12.9887
7419.7031, 12.9887
7419.7017, 12.9888
7421.1189, 12.9888
7421.1175, 12.9889
7422.5347, 12.9889
7422.5362, 12.9888
7422.5377, 12.9887
7423.9564, 12.9887
7423.9578, 12.9886
7423.9593, 12.9885
7423.9607, 12.9884
7425.378, 12.9884
7425.3794, 12.9884
7425.3809, 12.9883
7425.3822, 12.9882
7425.3838, 12.9881
7425.3852, 12.988
7425.3867, 12.988
7426.8054, 12.9879
7426.8069, 12.9878
7426.8083, 12.9877
7426.8098, 12.9877
7426.8112, 12.9876
7426.8127, 12.9875
7426.8141, 12.9874
7428.2328, 12.9872
7428.2343, 12.9872
7428.2357, 12.9872
7429.6515, 12.9872
7429.6501, 12.9872
7429.6486, 12.9874
7428.2314, 12.9874
7429.6472, 12.9875
7429.6457, 12.9876
7429.6442, 12.9877
7429.6428, 12.9877
7431.0586, 12.9878
7431.0572, 12.9879
7431.0557, 12.988
7431.0543, 12.988
7431.0528, 12.9881
7431.0514, 12.9882
7431.0499, 12.9883
7431.0485, 12.9884
7432.4643, 12.9884
7432.4628, 12.9885
7432.4614, 12.9886
7432.4599, 12.9887
7432.4585, 12.9887
7433.8742, 12.9888
7433.8728, 12.9889
7435.2901, 12.9889
7436.7073, 12.9889
7436.7088, 12.9888
7436.7102, 12.9887
7438.1289, 12.9887
7438.1304, 12.9886
7438.1318, 12.9885
7438.1333, 12.9884
7438.1347, 12.9884
7438.1362, 12.9883
7439.5535, 12.9883
7439.5549, 12.9882
7439.5564, 12.9881
7439.5577, 12.988
7439.5593, 12.988
7439.5607, 12.9879
7440.9794, 12.9878
7440.9809, 12.9877
7440.9823, 12.9877
7440.9838, 12.9876
7440.9851, 12.9875
7440.9867, 12.9874
7440.9881, 12.9872
7442.4069, 12.9872
7442.4083, 12.9872
7443.8256, 12.9872
7443.8241, 12.9872
7443.8227, 12.9872
7442.4054, 12.9872
7443.8212, 12.9874
7443.8197, 12.9875
7443.8183, 12.9876
7443.8168, 12.9877
7443.8154, 12.9877
7443.8138, 12.9878
7445.2297, 12.9879
7445.2283, 12.988
7445.2268, 12.988
7445.2254, 12.9881
7445.2239, 12.9882
7445.2225, 12.9883
7445.221, 12.9884
7445.2196, 12.9884
7445.2181, 12.9885
7445.2167, 12.9886
7445.2152, 12.9887
7446.631, 12.9887
7446.6296, 12.9888
7446.628, 12.9889
7446.6267, 12.9889
7446.6252, 12.9891
7448.041, 12.9891
7448.0396, 12.9891
7449.4567, 12.9891
7450.874, 12.9891
7450.8755, 12.9891
7450.877, 12.9891
7452.2957, 12.9889
7452.2972, 12.9889
7452.2986, 12.9888
7452.3001, 12.9887
7452.3014, 12.9887
7453.7187, 12.9887
7453.7202, 12.9886
7453.7217, 12.9885
7453.7231, 12.9884
7453.7246, 12.9884
7453.726, 12.9883
7455.1447, 12.9882
7455.1461, 12.9881
7455.1476, 12.988
7455.1491, 12.988
7455.1506, 12.9879
7455.152, 12.9878
7455.1535, 12.9877
7455.1549, 12.9877
7456.5735, 12.9876
7456.5751, 12.9875
7456.5765, 12.9874
7456.5779, 12.9872
7457.9938, 12.9874
7457.9923, 12.9875
7457.9909, 12.9876
7457.9893, 12.9877
7457.988, 12.9877
7457.9865, 12.9878
7457.9851, 12.9879
7459.4022, 12.9879
7459.4009, 12.988
7459.3994, 12.988
7459.398, 12.9881
7459.3965, 12.9882
7459.3951, 12.9883
7459.3936, 12.9884
7459.3921, 12.9884
7459.3907, 12.9885
7459.3893, 12.9886
7459.3878, 12.9887
7460.8035, 12.9887
7460.8022, 12.9888
7460.8007, 12.9889
7460.7993, 12.9889
7460.7978, 12.9891
7460.7964, 12.9891
7462.2122, 12.9891
7463.6294, 12.9891
7465.0467, 12.9891
7465.0481, 12.9891
7465.0496, 12.9891
7466.4683, 12.9889
7466.4697, 12.9889
7466.4712, 12.9888
7466.4726, 12.9887
7466.4741, 12.9887
7467.8914, 12.9887
7467.8928, 12.9886
7467.8942, 12.9885
7467.8957, 12.9884
7467.8972, 12.9884
7467.8986, 12.9883
7467.9001, 12.9882
7469.3188, 12.9881
7469.3202, 12.988
7469.3216, 12.988
7469.3231, 12.9879
7469.3246, 12.9878
7469.326, 12.9877
7470.7447, 12.9877
7470.7462, 12.9876
7470.7477, 12.9875
7470.7462, 12.9876
7472.162, 12.9877
7472.1606, 12.9877
7470.7433, 12.9877
7472.1591, 12.9878
7472.1576, 12.9879
7472.1562, 12.988
7472.1547, 12.988
7472.1533, 12.9881
7472.1518, 12.9882
7473.5676, 12.9883
7473.5662, 12.9884
7473.5647, 12.9884
7473.5633, 12.9885
7473.5617, 12.9886
7473.5604, 12.9887
7473.5589, 12.9887
7474.9747, 12.9888
7474.9733, 12.9889
7474.9718, 12.9889
7476.3876, 12.9891
7477.8049, 12.9891
7477.8063, 12.9889
7479.2236, 12.9889
7479.2251, 12.9889
7479.2265, 12.9888
7480.6452, 12.9887
7480.6467, 12.9887
7480.6481, 12.9886
7480.6496, 12.9885
7480.651, 12.9884
7480.6524, 12.9884
7482.0697, 12.9884
7482.0712, 12.9883
7482.0726, 12.9882
7482.0741, 12.9881
7482.0755, 12.988
7482.077, 12.988
7482.0785, 12.9879
7482.0799, 12.9878
7483.4986, 12.9877
7483.5001, 12.9877
7483.5015, 12.9876
7483.503, 12.9875
7483.5044, 12.9874
7483.5059, 12.9872
7483.5072, 12.9872
7484.9245, 12.9872
7484.9231, 12.9872
7484.9217, 12.9874
7484.9202, 12.9875
7484.9188, 12.9876
7486.336, 12.9876
7486.3346, 12.9877
7486.3331, 12.9877
7486.3317, 12.9878
7486.3302, 12.9879
7486.3288, 12.988
7486.3273, 12.988
7486.3259, 12.9881
7486.3244, 12.9882
7486.323, 12.9883
7487.7388, 12.9884
7487.7372, 12.9884
7487.7359, 12.9885
7487.7344, 12.9886
7487.733, 12.9887
7487.7315, 12.9887
7487.7301, 12.9888
7489.1459, 12.9889
7489.1444, 12.9889
7489.143, 12.9891
7489.1415, 12.9891
7490.5573, 12.9891
7491.9746, 12.9891
7491.976, 12.9891
7493.3933, 12.9891
7493.3947, 12.9891
7493.3961, 12.9889
7494.8149, 12.9889
7494.8163, 12.9888
7494.8178, 12.9887
7494.8193, 12.9887
7494.8207, 12.9886
7494.8222, 12.9885
7496.2394, 12.9885
7496.2409, 12.9884
7496.2423, 12.9884
7496.2438, 12.9883
7496.2452, 12.9882
7496.2467, 12.9881
7496.2481, 12.988
7497.6667, 12.988
7497.6683, 12.9879
7497.6697, 12.9878
7497.6712, 12.9877
7497.6726, 12.9877
7497.6741, 12.9876
7497.6755, 12.9875
7499.0928, 12.9875
7499.0914, 12.9876
7499.0899, 12.9877
7499.0885, 12.9877
7499.087, 12.9878
7500.5043, 12.9878
7500.5028, 12.9879
7500.5013, 12.988
7500.4999, 12.988
7500.4984, 12.9881
7500.4969, 12.9882
7500.4955, 12.9883
7500.4941, 12.9884
7501.9099, 12.9884
7501.9083, 12.9885
7501.907, 12.9886
7501.9055, 12.9887
7501.9041, 12.9887
7501.9026, 12.9888
7503.3184, 12.9889
7503.317, 12.9889
7503.3155, 12.9891
7503.3141, 12.9891
7504.7299, 12.9891
7504.7284, 12.9893
7506.1457, 12.9893
7506.1471, 12.9891
7507.5644, 12.9891
7507.5659, 12.9891
7507.5673, 12.9891
7507.5688, 12.9889
7507.5702, 12.9889
7508.9875, 12.9889
7508.9889, 12.9888
7508.9904, 12.9887
7508.9918, 12.9887
7508.9933, 12.9886
7510.412, 12.9885
7510.4134, 12.9884
7510.4149, 12.9884
7510.4163, 12.9883
7510.4178, 12.9882
7510.4193, 12.9881
7510.4207, 12.988
7511.8394, 12.988
7511.8409, 12.9879
7511.8423, 12.9878
7511.8437, 12.9877
7511.8452, 12.9877
7511.8467, 12.9876
7511.8481, 12.9875
7513.2668, 12.9874
7513.2654, 12.9875
7513.2639, 12.9876
7513.2625, 12.9877
7513.261, 12.9877
7514.6783, 12.9877
7514.6768, 12.9878
7514.6754, 12.9879
7514.6739, 12.988
7514.6724, 12.988
7514.671, 12.9881
7514.6696, 12.9882
7514.6681, 12.9883
7514.6667, 12.9884
7514.6652, 12.9884
7516.081, 12.9885
7516.0796, 12.9886
7516.0781, 12.9887
7516.0767, 12.9887
7516.0752, 12.9888
7516.0738, 12.9889
7516.0723, 12.9889
7516.0709, 12.9891
7516.0694, 12.9891
7517.4852, 12.9891
7517.4838, 12.9893
7517.4823, 12.9893
7517.4809, 12.9893
7518.8967, 12.9895
7520.3139, 12.9895
7520.3125, 12.9896
7521.7311, 12.9895
7521.7326, 12.9893
7523.1513, 12.9893
7523.1528, 12.9893
7523.1542, 12.9891
7523.1557, 12.9891
7523.1571, 12.9891
7523.1586, 12.9889
7524.5758, 12.9889
7524.5773, 12.9889
7524.5788, 12.9888
7524.5802, 12.9887
7524.5817, 12.9887
7524.5831, 12.9886
7524.5846, 12.9885
7526.0033, 12.9884
7526.0047, 12.9884
7526.0062, 12.9883
7526.0076, 12.9882
7526.0091, 12.9881
7526.0105, 12.988
7526.012, 12.988
7527.4307, 12.9879
7527.4322, 12.9878
7527.4336, 12.9877
7528.8494, 12.9878
7528.8479, 12.9879
7528.8465, 12.988
7527.4292, 12.988
7528.8451, 12.988
7528.8436, 12.9881
7528.8422, 12.9882
7530.2594, 12.9882
7530.258, 12.9883
7530.2565, 12.9884
7530.2551, 12.9884
7530.2536, 12.9885
7530.2521, 12.9886
7530.2507, 12.9887
7530.2492, 12.9887
7530.2478, 12.9888
7530.2463, 12.9889
7531.6621, 12.9889
7531.6606, 12.9891
7531.6592, 12.9891
7531.6578, 12.9891
7531.6562, 12.9893
7533.0721, 12.9893
7533.0707, 12.9893
7534.4879, 12.9893
7535.9052, 12.9893
7535.9066, 12.9893
7535.9081, 12.9893
7537.3254, 12.9893
7537.3268, 12.9891
7537.3283, 12.9891
7537.3296, 12.9891
7537.3312, 12.9889
7538.7484, 12.9889
7538.7499, 12.9889
7538.7513, 12.9888
7538.7528, 12.9887
7538.7542, 12.9887
7538.7557, 12.9886
7538.757, 12.9885
7540.1759, 12.9884
7540.1773, 12.9884
7540.1788, 12.9883
7540.1802, 12.9882
7540.1817, 12.9881
7540.1831, 12.988
7540.1846, 12.988
7541.6033, 12.9879
7541.6047, 12.9878
7541.6061, 12.9877
7543.022, 12.9878
7543.0205, 12.9879
7543.0191, 12.988
7541.6018, 12.988
7543.0176, 12.988
7543.0162, 12.9881
7543.0147, 12.9882
7543.0133, 12.9883
7543.0118, 12.9884
7543.0104, 12.9884
7544.4262, 12.9885
7544.4247, 12.9886
7544.4233, 12.9887
7544.4218, 12.9887
7544.4203, 12.9888
7544.4189, 12.9889
7544.4175, 12.9889
7544.416, 12.9891
7545.8317, 12.9891
7545.8304, 12.9891
7545.8289, 12.9893
7545.8275, 12.9893
7547.2433, 12.9893
7547.2418, 12.9895
7548.6591, 12.9895
7548.6604, 12.9893
7550.0778, 12.9893
7550.0792, 12.9893
7551.4979, 12.9893
7551.4994, 12.9891
7551.5009, 12.9891
7551.5023, 12.9891
7551.5038, 12.9889
7552.921, 12.9889
7552.9224, 12.9889
7552.9239, 12.9888
7552.9254, 12.9887
7552.9268, 12.9887
7552.9283, 12.9886
7552.9297, 12.9885
7552.9312, 12.9884
7554.3498, 12.9884
7554.3513, 12.9883
7554.3528, 12.9882
7554.3542, 12.9881
7554.3557, 12.988
7554.3571, 12.988
7554.3586, 12.9879
7555.7772, 12.9878
7555.7788, 12.9877
7555.7772, 12.9878
7555.7759, 12.9879
7557.1931, 12.9879
7557.1917, 12.988
7557.1902, 12.988
7557.1888, 12.9881
7557.1873, 12.9882
7557.1859, 12.9883
7557.1844, 12.9884
7557.183, 12.9884
7557.1815, 12.9885
7557.18, 12.9886
7558.5958, 12.9887
7558.5944, 12.9887
7558.5929, 12.9888
7558.5915, 12.9889
7558.5899, 12.9889
7558.5886, 12.9891
7558.5871, 12.9891
7558.5857, 12.9891
7558.5842, 12.9893
7560.0, 12.9893
7559.9986, 12.9893
7559.9971, 12.9895
7559.9957, 12.9896
7559.9942, 12.9897
7561.41, 12.9898
7561.4086, 12.9898
7562.8258, 12.9898
7564.2431, 12.9898
7564.2446, 12.9898
7564.246, 12.9897
7565.6633, 12.9897
7565.6646, 12.9896
7565.6662, 12.9895
7565.6676, 12.9893
7565.6691, 12.9893
7567.0863, 12.9893
7567.0878, 12.9893
7567.0892, 12.9891
7567.0907, 12.9891
7567.0921, 12.9891
7567.0936, 12.9889
7567.095, 12.9889
7568.5138, 12.9888
7568.5152, 12.9887
7568.5167, 12.9887
7568.5181, 12.9886
7568.5196, 12.9885
7568.521, 12.9884
7568.5225, 12.9884
7569.9412, 12.9883
7569.9426, 12.9882
7569.9441, 12.9881
7569.9455, 12.988
7569.947, 12.988
7569.9484, 12.9879
7569.9499, 12.9878
7569.9513, 12.9877
7571.3686, 12.9877
7571.3671, 12.9878
7571.3657, 12.9879
7571.3642, 12.988
7572.7814, 12.988
7572.78, 12.988
7572.7786, 12.9881
7572.7771, 12.9882
7572.7757, 12.9883
7572.7742, 12.9884
7572.7728, 12.9884
7572.7713, 12.9885
7572.7699, 12.9886
7572.7684, 12.9887
7574.1842, 12.9887
7574.1828, 12.9888
7574.1813, 12.9889
7574.1799, 12.9889
7574.1784, 12.9891
7574.177, 12.9891
7574.1755, 12.9891
7575.5913, 12.9893
7575.5899, 12.9893
7577.0071, 12.9893
7577.0057, 12.9893
7577.0042, 12.9895
7578.4215, 12.9895
7578.4229, 12.9893
7579.8401, 12.9893
7579.8417, 12.9893
7579.8431, 12.9893
7579.8446, 12.9891
7581.2633, 12.9891
7581.2647, 12.9891
7581.2662, 12.9889
7581.2676, 12.9889
7581.2691, 12.9888
7582.6863, 12.9888
7582.6878, 12.9887
7582.6892, 12.9887
7582.6907, 12.9886
7582.6921, 12.9885
7582.6936, 12.9884
7582.6949, 12.9884
7582.6965, 12.9883
7584.1152, 12.9882
7584.1167, 12.9881
7584.1181, 12.988
7584.1196, 12.988
7584.121, 12.9879
7584.1225, 12.9878
7584.1239, 12.9877
7584.1254, 12.9877
7585.5441, 12.9876
7585.5455, 12.9875
7585.5441, 12.9876
7585.5426, 12.9877
7586.9599, 12.9877
7586.9584, 12.9877
7586.9569, 12.9878
7586.9555, 12.9879
7586.9541, 12.988
7586.9526, 12.988
7586.9512, 12.9881
7586.9497, 12.9882
7586.9483, 12.9883
7586.9468, 12.9884
7588.3626, 12.9884
7588.3612, 12.9885
7588.3597, 12.9886
7588.3583, 12.9887
7588.3568, 12.9887
7588.3554, 12.9888
7588.3538, 12.9889
7589.7697, 12.9889
7589.7683, 12.9891
7589.7668, 12.9891
7589.7654, 12.9891
7589.7639, 12.9893
7591.1797, 12.9893
7591.1783, 12.9893
7592.5955, 12.9893
7592.597, 12.9893
7594.0142, 12.9893
7594.0157, 12.9893
7594.0171, 12.9891
7595.4358, 12.9891
7595.4373, 12.9891
7595.4386, 12.9889
7595.4402, 12.9889
7596.8575, 12.9889
7596.8589, 12.9888
7596.8604, 12.9887
7596.8618, 12.9887
7596.8633, 12.9886
7596.8647, 12.9885
7596.8662, 12.9884
7598.2849, 12.9884
7598.2863, 12.9883
7598.2878, 12.9882
7598.2892, 12.9881
7598.2907, 12.988
7598.2921, 12.988
7598.2936, 12.9879
7599.7123, 12.9878
7599.7138, 12.9877
7599.7151, 12.9877
7599.7167, 12.9876
7599.7181, 12.9875
7601.1339, 12.9876
7601.1325, 12.9877
7601.131, 12.9877
7601.1296, 12.9878
7601.128, 12.9879
7601.1267, 12.988
7601.1252, 12.988
7602.5425, 12.988
7602.541, 12.9881
7602.5396, 12.9882
7602.5381, 12.9883
7602.5367, 12.9884
7602.5352, 12.9884
7602.5337, 12.9885
7602.5323, 12.9886
7602.5308, 12.9887
7602.5293, 12.9887
7602.5279, 12.9888
7602.5265, 12.9889
7603.9423, 12.9889
7603.9407, 12.9891
7603.9394, 12.9891
7603.9379, 12.9891
7603.9365, 12.9893
7605.3523, 12.9893
7605.3508, 12.9893
7605.3494, 12.9895
7606.7666, 12.9895
7606.7652, 12.9896
7608.1839, 12.9895
7608.1854, 12.9893
7609.6026, 12.9893
7609.604, 12.9893
7611.0228, 12.9893
7611.0242, 12.9891
7611.0257, 12.9891
7611.0271, 12.9891
7611.0286, 12.9889
7611.03, 12.9889
7612.4473, 12.9889
7612.4487, 12.9888
7612.4502, 12.9887
7612.4516, 12.9887
7612.4531, 12.9886
7612.4546, 12.9885
7612.456, 12.9884
7612.4575, 12.9884
7613.8761, 12.9883
7613.8776, 12.9882
7613.8791, 12.9881
7613.8805, 12.988
7613.882, 12.988
7613.8834, 12.9879
7615.3007, 12.9879
7615.2992, 12.988
7615.2978, 12.988
7615.2963, 12.9881
7615.2949, 12.9882
7616.7107, 12.9883
7616.7092, 12.9884
7616.7078, 12.9884
7616.7063, 12.9885
7616.7048, 12.9886
7616.7034, 12.9887
7616.702, 12.9887
7616.7005, 12.9888
7616.6991, 12.9889
7616.6976, 12.9889
7618.1134, 12.9891
7618.112, 12.9891
7618.1105, 12.9891
7618.1091, 12.9893
7618.1076, 12.9893
7618.1062, 12.9893
7618.1047, 12.9895
7618.1033, 12.9896
7618.1018, 12.9897
7619.5175, 12.9898
7619.5162, 12.9898
7619.5147, 12.9899
7619.5133, 12.99
7619.5118, 12.9901
7619.5103, 12.9901
7620.9262, 12.9902
7620.9247, 12.9903
7622.342, 12.9903
7623.7591, 12.9903
7623.7607, 12.9902
7623.7621, 12.9901
7625.1794, 12.9901
7625.1808, 12.9901
7625.1823, 12.99
7625.1837, 12.9899
7625.1852, 12.9898
7625.1865, 12.9898
7626.6038, 12.9898
7626.6053, 12.9897
7626.6068, 12.9896
7626.6082, 12.9895
7626.6097, 12.9893
7626.6112, 12.9893
7626.6126, 12.9893
7628.0313, 12.9891
7628.0328, 12.9891
7628.0342, 12.9891
7628.0357, 12.9889
7628.0371, 12.9889
7628.0386, 12.9888
7628.04, 12.9887
7629.4586, 12.9887
7629.4602, 12.9886
7629.4616, 12.9885
7629.4631, 12.9884
7629.4646, 12.9884
7629.466, 12.9883
7629.4675, 12.9882
7630.8847, 12.9882
7630.8833, 12.9883
7630.8818, 12.9884
7630.8803, 12.9884
7630.8789, 12.9885
7632.2962, 12.9885
7632.2947, 12.9886
7632.2933, 12.9887
7632.2918, 12.9887
7632.2904, 12.9888
7632.2889, 12.9889
7632.2873, 12.9889
7632.286, 12.9891
7632.2845, 12.9891
7632.2831, 12.9891
7632.2816, 12.9893
7633.6974, 12.9893
7633.696, 12.9893
7633.6945, 12.9895
7633.6931, 12.9896
7633.6916, 12.9897
7633.6902, 12.9898
7633.6886, 12.9898
7635.1045, 12.9899
7635.1031, 12.99
7635.1016, 12.9901
7635.1002, 12.9901
7636.516, 12.9902
7636.5145, 12.9903
7636.5131, 12.9904
7637.9303, 12.9904
7637.9318, 12.9903
7637.9332, 12.9902
7639.3505, 12.9902
7639.3519, 12.9901
7640.7707, 12.9901
7640.7721, 12.99
7640.7736, 12.9899
7640.775, 12.9898
7640.7765, 12.9898
7640.7779, 12.9897
7642.1966, 12.9896
7642.1981, 12.9895
7642.1995, 12.9893
7642.201, 12.9893
7642.2024, 12.9893
7642.2039, 12.9891
7643.6226, 12.9891
7643.624, 12.9891
7643.6255, 12.9889
7643.627, 12.9889
7643.6284, 12.9888
7645.0457, 12.9888
7645.0442, 12.9889
7645.0428, 12.9889
7645.0413, 12.9891
7646.4571, 12.9891
7646.4557, 12.9891
7646.4542, 12.9893
7646.4527, 12.9893
7646.4513, 12.9893
7646.4499, 12.9895
7646.4484, 12.9896
7646.447, 12.9897
7646.4455, 12.9898
7646.4441, 12.9898
7647.8599, 12.9899
7647.8584, 12.99
7647.857, 12.9901
7647.8555, 12.9901
7647.854, 12.9902
7647.8526, 12.9903
7647.8511, 12.9904
7647.8497, 12.9905
7647.8481, 12.9905
7649.264, 12.9906
7649.2626, 12.9907
7649.261, 12.9908
7649.2597, 12.9908
7650.6755, 12.9909
7652.0928, 12.9909
7652.0942, 12.9908
7653.5114, 12.9908
7653.5129, 12.9908
7653.5144, 12.9907
7654.9331, 12.9906
7654.9344, 12.9905
7654.936, 12.9905
7654.9374, 12.9904
7654.9388, 12.9903
7654.9403, 12.9902
7656.3576, 12.9902
7656.3591, 12.9901
7656.3605, 12.9901
7656.362, 12.99
7656.3634, 12.9899
7656.3649, 12.9898
7656.3663, 12.9898
7657.785, 12.9897
7657.7865, 12.9896
7657.7879, 12.9895
7657.7894, 12.9893
7657.7908, 12.9893
7657.7923, 12.9893
7657.7936, 12.9891
7659.2124, 12.9891
7659.211, 12.9891
7659.2095, 12.9893
7659.2081, 12.9893
7659.2066, 12.9893
7660.6223, 12.9895
7660.621, 12.9896
7660.6195, 12.9897
7660.6181, 12.9898
7660.6166, 12.9898
7660.6152, 12.9899
7660.6137, 12.99
7660.6122, 12.9901
7660.6108, 12.9901
7662.0266, 12.9902
7662.0252, 12.9903
7662.0237, 12.9904
7662.0223, 12.9905
7662.0208, 12.9905
7662.0194, 12.9906
7662.0179, 12.9907
7662.0165, 12.9908
7662.015, 12.9908
7662.0136, 12.9909
7663.4294, 12.991
7663.4279, 12.991
7663.4264, 12.9912
7663.425, 12.9912
7664.8408, 12.9912
7666.2581, 12.9912
7666.2566, 12.9914
7667.6753, 12.9912
7667.6768, 12.9912
7669.0955, 12.9912
7669.0969, 12.991
7669.0984, 12.991
7669.0998, 12.9909
7669.1013, 12.9908
7669.1028, 12.9908
7670.52, 12.9908
7670.5215, 12.9907
7670.5229, 12.9906
7670.5244, 12.9905
7670.5258, 12.9905
7670.5272, 12.9904
7670.5287, 12.9903
7671.9474, 12.9902
7671.9489, 12.9901
7671.9503, 12.9901
7671.9518, 12.99
7671.9532, 12.9899
7671.9546, 12.9898
7671.9561, 12.9898
7673.3749, 12.9897
7673.3763, 12.9896
7673.3778, 12.9895
7673.3792, 12.9893
7674.7965, 12.9893
7674.795, 12.9895
7674.7936, 12.9896
7674.7921, 12.9897
7674.7907, 12.9898
7676.2065, 12.9898
7676.205, 12.9899
7676.2036, 12.99
7676.2021, 12.9901
7676.2006, 12.9901
7676.1992, 12.9902
7676.1978, 12.9903
7676.1963, 12.9904
7676.1949, 12.9905
7676.1934, 12.9905
7676.1919, 12.9906
7677.6078, 12.9907
7677.6063, 12.9908
7677.6048, 12.9908
7677.6034, 12.9909
7677.6019, 12.991
7677.6005, 12.991
7679.0163, 12.9912
7679.0148, 12.9912
7679.0134, 12.9912
7680.4307, 12.9912
7680.4292, 12.9914
7681.8465, 12.9914
7681.8479, 12.9912
7681.8494, 12.9912
7683.2666, 12.9912
7683.2681, 12.9912
7683.2695, 12.991
7683.271, 12.991
7684.6882, 12.991
7684.6897, 12.9909
7684.6911, 12.9908
7684.6926, 12.9908
7684.694, 12.9907
7684.6955, 12.9906
7686.1142, 12.9905
7686.1157, 12.9905
7686.1171, 12.9904
7686.1186, 12.9903
7686.12, 12.9902
7686.1215, 12.9901
7686.1229, 12.9901
7687.5415, 12.99
7687.5431, 12.9899
7687.5445, 12.9898
7687.546, 12.9898
7687.5474, 12.9897
7688.9647, 12.9897
7688.9632, 12.9898
7688.9618, 12.9898
7688.9603, 12.9899
7688.9588, 12.99
7690.3747, 12.9901
7690.3732, 12.9901
7690.3718, 12.9902
7690.3703, 12.9903
7690.3689, 12.9904
7690.3674, 12.9905
7690.366, 12.9905
7690.3645, 12.9906
7690.3631, 12.9907
7691.7789, 12.9908
7691.7774, 12.9908
7691.776, 12.9909
7691.7745, 12.991
7691.7731, 12.991
7691.7715, 12.9912
7693.1874, 12.9912
7693.186, 12.9912
7693.1844, 12.9914
7694.6018, 12.9914
7694.6002, 12.9915
7696.019, 12.9914
7696.0205, 12.9912
7697.4392, 12.9912
7697.4405, 12.9912
7697.4421, 12.991
7697.4436, 12.991
7697.445, 12.9909
7698.8622, 12.9909
7698.8637, 12.9908
7698.8652, 12.9908
7698.8666, 12.9907
7698.8681, 12.9906
7698.8695, 12.9905
7700.2882, 12.9905
7700.2897, 12.9904
7700.2911, 12.9903
7700.2926, 12.9902
7700.294, 12.9901
7700.2955, 12.9901
7701.7142, 12.99
7701.7157, 12.9899
7701.717, 12.9898
7701.7186, 12.9898
7701.72, 12.9897
7701.7215, 12.9896
7701.7229, 12.9895
7701.7244, 12.9893
7703.1431, 12.9893
7703.1445, 12.9893
7703.146, 12.9891
7703.1474, 12.9891
7703.1489, 12.9891
7704.5661, 12.9891
7704.5647, 12.9891
7704.5632, 12.9891
7704.5617, 12.9893
7704.5603, 12.9893
7705.9761, 12.9893
7705.9747, 12.9895
7705.9731, 12.9896
7705.9718, 12.9897
7705.9703, 12.9898
7705.9689, 12.9898
7705.9674, 12.9899
7705.966, 12.99
7705.9645, 12.9901
7705.963, 12.9901
7705.9616, 12.9902
7705.9602, 12.9903
7707.376, 12.9904
7707.3745, 12.9905
7707.3731, 12.9905
7707.3716, 12.9906
7707.3702, 12.9907
7707.3687, 12.9908
7708.7845, 12.9908
7708.7831, 12.9909
7708.7816, 12.991
7710.1989, 12.991
7711.616, 12.991
7711.6176, 12.9909
7711.619, 12.9908
7713.0377, 12.9908
7713.0392, 12.9907
7713.0406, 12.9906
7713.0421, 12.9905
7714.4594, 12.9905
7714.4607, 12.9905
7714.4623, 12.9904
7714.4637, 12.9903
7714.4652, 12.9902
7714.4666, 12.9901
7715.8853, 12.9901
7715.8868, 12.99
7715.8881, 12.9899
7715.8897, 12.9898
7715.8911, 12.9898
7715.8925, 12.9897
7715.894, 12.9896
7717.3128, 12.9895
7717.3142, 12.9893
7717.3157, 12.9893
7717.3171, 12.9893
7717.3186, 12.9891
7717.32, 12.9891
7717.3215, 12.9889
7717.3229, 12.9889
7717.3244, 12.9889
7718.7431, 12.9888
7718.7416, 12.9889
7720.1589, 12.9889
7720.1574, 12.9889
7720.156, 12.9889
7720.1545, 12.9891
7720.1531, 12.9891
7720.1516, 12.9893
7720.1502, 12.9893
7720.1487, 12.9893
7720.1473, 12.9895
7721.5631, 12.9896
7721.5615, 12.9897
7721.5602, 12.9898
7721.5587, 12.9898
7721.5573, 12.9899
7721.5558, 12.99
7721.5544, 12.9901
7721.5529, 12.9901
7721.5514, 12.9902
7721.55, 12.9903
7722.9658, 12.9904
7722.9644, 12.9905
7722.9628, 12.9905
7722.9615, 12.9906
7722.96, 12.9907
7724.3758, 12.9908
7724.3744, 12.9908
7724.3729, 12.9909
7724.3715, 12.991
7725.7887, 12.991
7727.206, 12.991
7727.2074, 12.9909
7727.2089, 12.9908
7728.6261, 12.9908
7728.6276, 12.9908
7728.629, 12.9907
7728.6305, 12.9906
7730.0477, 12.9906
7730.0492, 12.9905
7730.0506, 12.9905
7730.0521, 12.9904
7730.0536, 12.9903
7730.055, 12.9902
7730.0565, 12.9901
7731.4752, 12.9901
7731.4766, 12.99
7731.4781, 12.9899
7731.4795, 12.9898
7731.4809, 12.9898
7731.4824, 12.9897
7731.4839, 12.9896
7732.9026, 12.9895
7732.904, 12.9893
7732.9055, 12.9893
7732.9069, 12.9893
7732.9083, 12.9891
7732.9098, 12.9891
7732.9113, 12.9889
7732.9127, 12.9889
7734.3315, 12.9889
7734.33, 12.9889
7734.3286, 12.9889
7734.3271, 12.9891
7734.3256, 12.9891
7735.7415, 12.9893
7735.74, 12.9893
7735.7386, 12.9893
7735.737, 12.9895
7735.7357, 12.9896
7735.7342, 12.9897
7735.7327, 12.9898
7735.7313, 12.9898
7735.7298, 12.9899
7737.1456, 12.99
7737.1442, 12.9901
7737.1427, 12.9901
7737.1413, 12.9902
7737.1398, 12.9903
7737.1384, 12.9904
7737.1369, 12.9905
7737.1355, 12.9905
7737.134, 12.9906
7738.5497, 12.9907
7738.5484, 12.9908
7738.5469, 12.9908
7738.5455, 12.9909
7738.544, 12.991
7738.5426, 12.991
7739.9584, 12.9912
7739.9569, 12.9912
7741.3742, 12.9912
7741.3727, 12.9912
7741.3713, 12.9914
7742.7885, 12.9914
7742.79, 12.9912
7742.7913, 12.9912
7744.2102, 12.9912
7744.2116, 12.991
7744.2131, 12.991
7744.2145, 12.9909
7744.216, 12.9908
7745.6332, 12.9908
7745.6347, 12.9908
7745.636, 12.9907
7745.6376, 12.9906
7745.639, 12.9905
7747.0577, 12.9905
7747.0592, 12.9904
7747.0606, 12.9903
7747.0621, 12.9902
7747.0635, 12.9901
7747.065, 12.9901
7747.0665, 12.99
7748.4852, 12.9899
7748.4866, 12.9898
7748.4881, 12.9897
7748.4895, 12.9897
7748.491, 12.9896
7748.4924, 12.9895
7748.4939, 12.9893
7748.4953, 12.9893
7749.914, 12.9893
7749.9155, 12.9891
7749.9169, 12.9891
7749.9155, 12.9891
7751.3313, 12.9893
7751.3298, 12.9893
7749.9125, 12.9893
7751.3284, 12.9893
7751.3269, 12.9895
7751.3255, 12.9896
7751.324, 12.9897
7751.3226, 12.9897
7751.3211, 12.9898
7751.3197, 12.9899
7751.3182, 12.99
7752.734, 12.9901
7752.7326, 12.9901
7752.7311, 12.9902
7752.7297, 12.9903
7752.7282, 12.9904
7752.7268, 12.9905
7752.7252, 12.9905
7752.7239, 12.9906
7754.1397, 12.9907
7754.1381, 12.9908
7754.1368, 12.9908
7754.1353, 12.9909
7755.5511, 12.991
7755.5497, 12.991
7756.9668, 12.991
7756.9684, 12.991
7758.3856, 12.991
7759.8043, 12.9909
7759.8058, 12.9908
7759.8073, 12.9908
7759.8087, 12.9907
7759.8102, 12.9906
7761.2274, 12.9906
7761.2288, 12.9905
7761.2303, 12.9905
7761.2318, 12.9904
7761.2332, 12.9903
7761.2347, 12.9902
7761.2361, 12.9901
7762.6548, 12.9901
7762.6562, 12.99
7762.6577, 12.9899
7762.6592, 12.9898
7762.6606, 12.9897
7762.6621, 12.9897
7762.6635, 12.9896
7764.0823, 12.9895
7764.0836, 12.9893
7764.0852, 12.9893
7764.0866, 12.9893
7765.5024, 12.9893
7765.501, 12.9893
7765.4995, 12.9895
7765.4981, 12.9896
7765.4966, 12.9897
7765.4952, 12.9897
7765.4937, 12.9898
7765.4923, 12.9899
7765.4908, 12.99
7766.9066, 12.9901
7766.9052, 12.9901
7766.9037, 12.9902
7766.9022, 12.9903
7766.9008, 12.9904
7766.8993, 12.9905
7766.8979, 12.9905
7768.3136, 12.9906
7768.3123, 12.9907
7768.3108, 12.9908
7768.3093, 12.9908
7769.7252, 12.9909
7771.1424, 12.9909
7771.141, 12.991
7771.1424, 12.9909
7772.5611, 12.9908
7772.5626, 12.9908
7772.564, 12.9907
7773.9827, 12.9906
7773.9842, 12.9905
7773.9856, 12.9905
7773.987, 12.9904
7773.9885, 12.9903
7775.4058, 12.9903
7775.4073, 12.9902
7775.4087, 12.9901
7775.4102, 12.9901
7775.4116, 12.99
7775.4131, 12.9899
7775.4144, 12.9898
7776.8332, 12.9897
7776.8347, 12.9897
7776.8361, 12.9896
7776.8376, 12.9895
7776.839, 12.9893
7776.8405, 12.9893
7776.8418, 12.9893
7776.8434, 12.9891
7778.2621, 12.9891
7778.2635, 12.9889
7778.265, 12.9889
7778.2665, 12.9889
7778.2679, 12.9888
7778.2694, 12.9887
7778.2708, 12.9887
7779.6895, 12.9886
7779.6881, 12.9887
7779.6865, 12.9887
7779.6852, 12.9888
7781.1024, 12.9888
7781.101, 12.9889
7781.0995, 12.9889
7781.0981, 12.9889
7781.0966, 12.9891
7781.0952, 12.9891
7781.0937, 12.9893
7781.0923, 12.9893
7781.0908, 12.9893
7781.0894, 12.9895
7782.5051, 12.9896
7782.5037, 12.9897
7782.5023, 12.9897
7782.5008, 12.9898
7782.4994, 12.9899
7782.4979, 12.99
7783.9137, 12.9901
7783.9123, 12.9901
7783.9108, 12.9902
7785.3281, 12.9902
7785.3266, 12.9903
7786.7439, 12.9903
7786.7452, 12.9902
7788.1626, 12.9902
7788.164, 12.9901
7789.5827, 12.9901
7789.5842, 12.99
7789.5856, 12.9899
7789.5871, 12.9898
7789.5885, 12.9897
7791.0058, 12.9897
7791.0073, 12.9897
7791.0087, 12.9896
7791.0102, 12.9895
7791.0116, 12.9893
7791.0131, 12.9893
7791.0145, 12.9893
7791.016, 12.9891
7792.4346, 12.9891
7792.4361, 12.9889
7792.4376, 12.9889
7792.439, 12.9889
7792.4405, 12.9888
7792.4419, 12.9887
7792.4434, 12.9887
7793.862, 12.9886
7793.8636, 12.9885
7793.865, 12.9884
7793.8665, 12.9883
7795.2837, 12.9883
7795.2823, 12.9884
7795.2808, 12.9885
7795.2793, 12.9886
7795.2779, 12.9887
7795.2765, 12.9887
7795.275, 12.9888
7795.2735, 12.9889
7795.2721, 12.9889
7795.2706, 12.9889
7795.2692, 12.9891
7796.685, 12.9891
7796.6835, 12.9893
7796.6821, 12.9893
7796.6806, 12.9893
7796.6792, 12.9895
7796.6777, 12.9896
7798.0935, 12.9897
7798.0921, 12.9897
7798.0906, 12.9898
7798.0892, 12.9899
7798.0877, 12.99
7799.5034, 12.9901
7799.5021, 12.9901
7800.9193, 12.9901
7802.3366, 12.9901
7802.3381, 12.9901
7802.3395, 12.99
7803.7568, 12.99
7803.7582, 12.9899
7803.7597, 12.9898
7803.761, 12.9897
7805.1784, 12.9897
7805.1798, 12.9897
7805.1813, 12.9896
7805.1827, 12.9895
7805.1842, 12.9893
7805.1856, 12.9893
7805.1871, 12.9893
7806.6058, 12.9891
7806.6073, 12.9891
7806.6087, 12.9889
7806.6101, 12.9889
7806.6116, 12.9889
7806.6131, 12.9888
7808.0318, 12.9887
7808.0332, 12.9887
7808.0347, 12.9886
7808.0361, 12.9885
7808.0376, 12.9884
7808.039, 12.9883
7808.0405, 12.9883
7808.0419, 12.9882
7809.4606, 12.9881
7809.4621, 12.988
7809.4606, 12.9881
7809.4592, 12.9882
7810.8765, 12.9882
7810.875, 12.9883
7810.8735, 12.9883
7810.8721, 12.9884
7810.8706, 12.9885
7810.8692, 12.9886
7810.8677, 12.9887
7810.8662, 12.9887
7810.8648, 12.9888
7812.2806, 12.9889
7812.2792, 12.9889
7812.2777, 12.9889
7812.2763, 12.9891
7812.2748, 12.9891
7812.2734, 12.9893
7812.2719, 12.9893
7812.2705, 12.9893
7813.6863, 12.9895
7813.6848, 12.9896
7813.6834, 12.9897
7813.6819, 12.9897
7815.0977, 12.9898
7815.0963, 12.9899
7815.0948, 12.99
7816.5121, 12.99
7816.5135, 12.9899
7817.9308, 12.9899
7817.9322, 12.9898
7819.351, 12.9897
7819.3524, 12.9897
7819.3538, 12.9896
7819.3553, 12.9895
7820.7726, 12.9895
7820.774, 12.9893
7820.7755, 12.9893
7820.7769, 12.9893
7820.7784, 12.9891
7820.7798, 12.9891
7822.1985, 12.9889
7822.2, 12.9889
7822.2014, 12.9889
7822.2029, 12.9888
7823.6216, 12.9887
7823.6231, 12.9887
7823.6245, 12.9886
7823.626, 12.9885
7823.6274, 12.9884
7823.6289, 12.9883
7823.6303, 12.9883
7823.6318, 12.9882
7823.6332, 12.9881
7825.0505, 12.9881
7825.049, 12.9882
7825.0476, 12.9883
7825.0461, 12.9883
7825.0447, 12.9884
7826.4605, 12.9885
7826.459, 12.9886
7826.4576, 12.9887
7826.4561, 12.9887
7826.4546, 12.9888
7826.4532, 12.9889
7826.4518, 12.9889
7826.4503, 12.9889
7826.4489, 12.9891
7826.4474, 12.9891
7827.8632, 12.9893
7827.8618, 12.9893
7827.8603, 12.9893
7827.8589, 12.9895
7827.8574, 12.9896
7827.8559, 12.9897
7827.8545, 12.9897
7829.2703, 12.9898
7829.2689, 12.9899
7829.2674, 12.99
7830.6832, 12.9901
7832.1005, 12.9901
7832.099, 12.9901
7833.5177, 12.9901
7833.5192, 12.99
7833.5206, 12.9899
7834.9393, 12.9898
7834.9407, 12.9897
7834.9422, 12.9897
7834.9437, 12.9896
7834.9451, 12.9895
7834.9466, 12.9893
7836.3639, 12.9893
7836.3653, 12.9893
7836.3668, 12.9893
7836.3682, 12.9891
7836.3697, 12.9891
7836.3711, 12.9889
7836.3726, 12.9889
7836.374, 12.9889
7837.7927, 12.9888
7837.7942, 12.9887
7837.7955, 12.9887
7837.7971, 12.9886
7837.7985, 12.9885
7837.8, 12.9884
7837.8014, 12.9883
7837.8029, 12.9883
7839.2216, 12.9882
7839.2202, 12.9883
7839.2187, 12.9883
7839.2173, 12.9884
7840.6331, 12.9885
7840.6316, 12.9886
7840.6301, 12.9887
7840.6287, 12.9887
7840.6272, 12.9888
7840.6258, 12.9889
7840.6242, 12.9889
7840.6229, 12.9889
7842.0387, 12.9891
7842.0372, 12.9891
7842.0358, 12.9893
7842.0343, 12.9893
7842.0329, 12.9893
7842.0314, 12.9895
7842.03, 12.9896
7842.0285, 12.9897
7843.4443, 12.9897
7843.4429, 12.9898
7843.4414, 12.9899
7843.44, 12.99
7844.8558, 12.9901
7846.273, 12.9901
7846.2716, 12.9901
7847.6903, 12.9901
7847.6918, 12.99
7847.6932, 12.9899
7849.1118, 12.9898
7849.1134, 12.9897
7849.1148, 12.9897
7849.1163, 12.9896
7849.1177, 12.9895
7850.535, 12.9895
7850.5364, 12.9893
7850.5379, 12.9893
7850.5393, 12.9893
7850.5408, 12.9891
7850.5422, 12.9891
7850.5436, 12.9889
7851.9624, 12.9889
7851.9639, 12.9889
7851.9653, 12.9888
7851.9668, 12.9887
7851.9682, 12.9887
7851.9697, 12.9886
7851.971, 12.9885
7851.9726, 12.9884
7853.3913, 12.9883
7853.3927, 12.9883
7853.3942, 12.9882
7854.81, 12.9883
7854.8085, 12.9883
7854.8071, 12.9884
7853.3898, 12.9884
7854.8056, 12.9885
7854.8042, 12.9886
7854.8027, 12.9887
7854.8013, 12.9887
7856.2171, 12.9888
7856.2156, 12.9889
7856.2142, 12.9889
7856.2127, 12.9889
7856.2113, 12.9891
7856.2098, 12.9891
7856.2084, 12.9893
7856.2069, 12.9893
7856.2055, 12.9893
7856.204, 12.9895
7857.6198, 12.9896
7857.6183, 12.9897
7857.6169, 12.9897
7857.6155, 12.9898
7857.6139, 12.9899
7857.6126, 12.99
7857.6111, 12.9901
7859.0269, 12.9901
7859.0255, 12.9902
7860.4426, 12.9902
7860.4413, 12.9903
7861.8599, 12.9902
7861.8614, 12.9901
7863.2787, 12.9901
7863.2801, 12.9901
7863.2816, 12.99
7863.283, 12.9899
7863.2845, 12.9898
7864.7018, 12.9898
7864.7032, 12.9897
7864.7046, 12.9897
7864.7061, 12.9896
7864.7076, 12.9895
7864.709, 12.9893
7866.1277, 12.9893
7866.1292, 12.9893
7866.1306, 12.9891
7866.132, 12.9891
7866.1335, 12.9889
7866.135, 12.9889
7867.5537, 12.9889
7867.5551, 12.9888
7867.5566, 12.9887
7867.5581, 12.9887
7867.5594, 12.9886
7867.561, 12.9885
7867.5624, 12.9884
7867.5638, 12.9883
7867.5653, 12.9883
7868.984, 12.9882
7868.9855, 12.9881
7870.4013, 12.9882
7870.3998, 12.9883
7868.9826, 12.9883
7870.3984, 12.9883
7870.3969, 12.9884
7870.3955, 12.9885
7870.394, 12.9886
7870.3926, 12.9887
7871.8084, 12.9887
7871.8069, 12.9888
7871.8054, 12.9889
7871.804, 12.9889
7871.8026, 12.9889
7871.8011, 12.9891
7871.7997, 12.9891
7871.7982, 12.9893
7871.7968, 12.9893
7871.7953, 12.9893
7873.2111, 12.9895
7873.2097, 12.9896
7873.2082, 12.9897
7873.2068, 12.9897
7874.6226, 12.9898
7874.6211, 12.9899
7876.0384, 12.9899
7877.4556, 12.9899
7877.4571, 12.9898
7878.8742, 12.9898
7878.8758, 12.9897
7878.8772, 12.9897
7878.8787, 12.9896
7878.8801, 12.9895
7878.8816, 12.9893
7880.2989, 12.9893
7880.3003, 12.9893
7880.3018, 12.9893
7880.3032, 12.9891
7880.3047, 12.9891
7880.3061, 12.9889
7880.3075, 12.9889
7881.7263, 12.9889
7881.7277, 12.9888
7881.7292, 12.9887
7881.7306, 12.9887
7881.7321, 12.9886
7881.7335, 12.9885
7881.7349, 12.9884
7883.1537, 12.9883
7883.1551, 12.9883
7883.1566, 12.9882
7883.1581, 12.9881
7883.1595, 12.988
7884.5768, 12.988
7884.5753, 12.9881
7884.5739, 12.9882
7884.5724, 12.9883
7884.571, 12.9883
7885.9868, 12.9884
7885.9853, 12.9885
7885.9839, 12.9886
7885.9824, 12.9887
7885.9809, 12.9887
7885.9795, 12.9888
7885.978, 12.9889
7885.9766, 12.9889
7885.975, 12.9889
7887.3909, 12.9891
7887.3895, 12.9891
7887.388, 12.9893
7887.3866, 12.9893
7887.3851, 12.9893
7887.3837, 12.9895
7887.3822, 12.9896
7888.798, 12.9897
7888.7966, 12.9897
7888.7951, 12.9898
7890.2124, 12.9898
7891.6297, 12.9898
7893.0469, 12.9898
7893.0484, 12.9897
7893.0498, 12.9897
7893.0513, 12.9896
7894.47, 12.9895
7894.4714, 12.9893
7894.4729, 12.9893
7894.4743, 12.9893
7894.4758, 12.9891
7894.4772, 12.9891
7895.8959, 12.9889
7895.8974, 12.9889
7895.8989, 12.9889
7895.9003, 12.9888
7895.9018, 12.9887
7895.9032, 12.9887
7897.3219, 12.9886
7897.3234, 12.9885
7897.3248, 12.9884
7897.3263, 12.9883
7897.3277, 12.9883
7897.3292, 12.9882
7897.3306, 12.9881
7897.3321, 12.988
7898.7508, 12.988
7898.7522, 12.9879
7900.168, 12.988
7900.1666, 12.988
7900.1651, 12.9881
7900.1637, 12.9882
7900.1622, 12.9883
7900.1608, 12.9883
7900.1593, 12.9884
7900.1579, 12.9885
7900.1564, 12.9886
7900.155, 12.9887
7900.1535, 12.9887
7900.1521, 12.9888
7901.5678, 12.9889
7901.5664, 12.9889
7901.565, 12.9889
7901.5635, 12.9891
7901.5621, 12.9891
7901.5606, 12.9893
7901.5592, 12.9893
7901.5577, 12.9893
7902.9735, 12.9895
7902.9721, 12.9896
7902.9706, 12.9897
7902.9691, 12.9897
7904.385, 12.9898
7904.3835, 12.9899
7905.8008, 12.9899
7905.7993, 12.99
7907.218, 12.9899
7907.2195, 12.9898
7907.2209, 12.9897
7908.6397, 12.9897
7908.6411, 12.9896
7908.6425, 12.9895
7908.644, 12.9893
7910.0613, 12.9893
7910.0627, 12.9893
7910.0642, 12.9893
7910.0656, 12.9891
7910.0671, 12.9891
7910.0685, 12.9889
7910.07, 12.9889
7910.0714, 12.9889
7911.4901, 12.9888
7911.4916, 12.9887
7911.4929, 12.9887
7911.4945, 12.9886
7911.4959, 12.9885
7911.4974, 12.9884
7911.4989, 12.9883
7911.5003, 12.9883
7912.919, 12.9882
7912.9205, 12.9881
7912.9219, 12.988
7912.9234, 12.988
7914.3406, 12.988
7914.3392, 12.988
7914.3377, 12.9881
7914.3363, 12.9882
7914.3348, 12.9883
7914.3334, 12.9883
7914.3319, 12.9884
7914.3305, 12.9885
7914.329, 12.9886
7915.7448, 12.9887
7915.7433, 12.9887
7915.7419, 12.9888
7915.7405, 12.9889
7915.7389, 12.9889
7915.7376, 12.9889
7915.7361, 12.9891
7915.7347, 12.9891
7917.1505, 12.9893
7917.149, 12.9893
7917.1476, 12.9893
7917.1461, 12.9895
7917.1446, 12.9896
7918.5605, 12.9897
7918.559, 12.9897
7918.5575, 12.9898
7919.9748, 12.9898
7919.9763, 12.9897
7921.3935, 12.9897
7921.395, 12.9897
7922.8122, 12.9897
7922.8136, 12.9896
7922.8151, 12.9895
7922.8166, 12.9893
7924.2338, 12.9893
7924.2353, 12.9893
7924.2367, 12.9893
7924.2382, 12.9891
7924.2397, 12.9891
7924.2411, 12.9889
7925.6598, 12.9889
7925.6613, 12.9889
7925.6627, 12.9888
7925.6642, 12.9887
7925.6656, 12.9887
7925.6671, 12.9886
7925.6684, 12.9885
7927.0872, 12.9884
7927.0887, 12.9883
7927.0901, 12.9883
7927.0916, 12.9882
7927.093, 12.9881
7927.0945, 12.988
7927.0959, 12.988
7927.0974, 12.9879
7928.5161, 12.9878
7928.5147, 12.9879
7928.5131, 12.988
7929.9304, 12.988
7929.929, 12.988
7929.9276, 12.9881
7929.9261, 12.9882
7929.9247, 12.9883
7929.9232, 12.9883
7929.9218, 12.9884
7929.9203, 12.9885
7929.9188, 12.9886
7929.9174, 12.9887
7931.3332, 12.9887
7931.3317, 12.9888
7931.3303, 12.9889
7931.3288, 12.9889
7931.3274, 12.9889
7931.3259, 12.9891
7931.3245, 12.9891
7931.323, 12.9893
7932.7388, 12.9893
7932.7374, 12.9893
7932.7359, 12.9895
7932.7345, 12.9896
7932.733, 12.9897
7934.1488, 12.9897
7935.5661, 12.9897
7936.9848, 12.9897
7936.9863, 12.9896
7938.405, 12.9895
7938.4064, 12.9893
7938.4079, 12.9893
7938.4093, 12.9893
7938.4108, 12.9891
7939.8279, 12.9891
7939.8295, 12.9891
7939.8309, 12.9889
7939.8324, 12.9889
7939.8338, 12.9889
7939.8353, 12.9888
7939.8367, 12.9887
7939.8382, 12.9887
7941.2569, 12.9886
7941.2584, 12.9885
7941.2598, 12.9884
7941.2612, 12.9883
7941.2627, 12.9883
7941.2642, 12.9882
7941.2656, 12.9881
7941.2671, 12.988
7942.6858, 12.988
7942.6843, 12.988
7944.1016, 12.988
7944.1001, 12.9881
7944.0987, 12.9882
7944.0972, 12.9883
7944.0958, 12.9883
7944.0943, 12.9884
7944.0929, 12.9885
7944.0914, 12.9886
7945.5072, 12.9887
7945.5058, 12.9887
7945.5043, 12.9888
7945.5029, 12.9889
7945.5013, 12.9889
7945.5, 12.9889
7945.4985, 12.9891
7945.4971, 12.9891
7945.4956, 12.9893
7946.9114, 12.9893
7946.91, 12.9893
7946.9085, 12.9895
7946.9071, 12.9896
7948.3229, 12.9897
7949.7401, 12.9897
7949.7387, 12.9897
7951.1574, 12.9897
7951.1588, 12.9896
7952.5775, 12.9895
7952.579, 12.9893
7952.5805, 12.9893
7952.5819, 12.9893
7952.5834, 12.9891
7952.5848, 12.9891
7954.0021, 12.9891
7954.0035, 12.9889
7954.005, 12.9889
7954.0064, 12.9889
7954.0079, 12.9888
7954.0093, 12.9887
7954.0108, 12.9887
7955.4295, 12.9886
7955.4309, 12.9885
7955.4324, 12.9884
7955.4338, 12.9883
7955.4353, 12.9883
7955.4367, 12.9882
7955.4382, 12.9881
7956.8555, 12.9881
7956.854, 12.9882
7956.8526, 12.9883
7956.8511, 12.9883
7956.8496, 12.9884
7958.2655, 12.9885
7958.264, 12.9886
7958.2626, 12.9887
7958.261, 12.9887
7958.2596, 12.9888
7958.2582, 12.9889
7958.2567, 12.9889
7958.2553, 12.9889
7958.2538, 12.9891
7958.2524, 12.9891
7959.6682, 12.9893
7959.6667, 12.9893
7959.6653, 12.9893
7959.6638, 12.9895
7959.6623, 12.9896
7959.6609, 12.9897
7959.6595, 12.9897
7961.0753, 12.9898
7961.0738, 12.9899
7961.0724, 12.99
7962.4882, 12.9901
7963.9054, 12.9901
7963.9069, 12.99
7962.4896, 12.99
7963.9083, 12.9899
7965.3256, 12.9899
7965.3271, 12.9898
7965.3285, 12.9897
7965.33, 12.9897
7966.7471, 12.9897
7966.7487, 12.9896
7966.7501, 12.9895
7966.7516, 12.9893
7966.753, 12.9893
7966.7545, 12.9893
7968.1732, 12.9891
7968.1746, 12.9891
7968.1761, 12.9889
7968.1775, 12.9889
7968.179, 12.9889
7968.1804, 12.9888
7969.5992, 12.9887
7969.6006, 12.9887
7969.6021, 12.9886
7969.6035, 12.9885
7969.605, 12.9884
7969.6064, 12.9883
7969.6078, 12.9883
7971.0251, 12.9883
7971.0237, 12.9883
7971.0222, 12.9884
7971.0208, 12.9885
7971.0193, 12.9886
7972.4351, 12.9887
7972.4337, 12.9887
7972.4322, 12.9888
7972.4308, 12.9889
7972.4293, 12.9889
7972.4279, 12.9889
7972.4264, 12.9891
7972.425, 12.9891
7972.4235, 12.9893
7972.4221, 12.9893
7973.8378, 12.9893
7973.8364, 12.9895
7973.835, 12.9896
7973.8335, 12.9897
7973.8321, 12.9897
7973.8306, 12.9898
7973.8292, 12.9899
7973.8277, 12.99
7973.8262, 12.9901
7975.2421, 12.9901
7975.2406, 12.9902
7976.6564, 12.9903
7978.0737, 12.9903
7978.0751, 12.9902
7976.6579, 12.9902
7978.0766, 12.9901
7979.4953, 12.9901
7979.4967, 12.99
7979.4982, 12.9899
7979.4996, 12.9898
7980.9169, 12.9898
7980.9183, 12.9897
7980.9198, 12.9897
7980.9213, 12.9896
7980.9226, 12.9895
7982.34, 12.9895
7982.3414, 12.9893
7982.3429, 12.9893
7982.3443, 12.9893
7982.3458, 12.9891
7982.3472, 12.9891
7982.3487, 12.9889
7982.3501, 12.9889
7983.7688, 12.9889
7983.7703, 12.9888
7983.7717, 12.9887
7983.7732, 12.9887
7983.7746, 12.9886
7983.7761, 12.9885
7983.7774, 12.9884
7983.779, 12.9883
7985.1963, 12.9883
7985.1948, 12.9884
7985.1934, 12.9885
7985.1919, 12.9886
7985.1904, 12.9887
7986.6063, 12.9887
7986.6048, 12.9888
7986.6034, 12.9889
7986.6019, 12.9889
7986.6004, 12.9889
7986.599, 12.9891
7986.5975, 12.9891
7986.596, 12.9893
7986.5946, 12.9893
7986.5932, 12.9893
7986.5917, 12.9895
7988.0075, 12.9896
7988.0061, 12.9897
7988.0046, 12.9897
7988.0032, 12.9898
7988.0017, 12.9899
7988.0003, 12.99
7987.9988, 12.9901
7989.4146, 12.9901
7989.4132, 12.9902
7989.4117, 12.9903
7990.8275, 12.9904
7992.2448, 12.9904
7992.2462, 12.9903
7993.6635, 12.9903
7993.665, 12.9902
7993.6663, 12.9901
7995.0851, 12.9901
7995.0866, 12.99
7995.088, 12.9899
7995.0895, 12.9898
7995.0909, 12.9897
7995.0924, 12.9897
7995.0937, 12.9896
7996.5125, 12.9895
7996.514, 12.9893
7996.5154, 12.9893
7996.5169, 12.9893
7996.5183, 12.9891
7996.5198, 12.9891
7997.9385, 12.9889
7997.94, 12.9889
7997.9414, 12.9889
7997.9428, 12.9888
7999.3601, 12.9888
7999.3587, 12.9889
7999.3572, 12.9889
7999.3558, 12.9889
7999.3543, 12.9891
7999.3529, 12.9891
7999.3514, 12.9893
7999.35, 12.9893
8000.7658, 12.9893
8000.7643, 12.9895
8000.7629, 12.9896
8000.7614, 12.9897
8000.76, 12.9897
8000.7585, 12.9898
8000.757, 12.9899
8002.1729, 12.99
8002.1714, 12.9901
8002.17, 12.9901
8002.1685, 12.9902
8002.167, 12.9903
8003.5829, 12.9904
8003.5814, 12.9904
8004.9987, 12.9904
8005.0001, 12.9904
8006.4174, 12.9904
8006.4188, 12.9903
8006.4203, 12.9902
8007.839, 12.9901
8007.8404, 12.9901
8007.8418, 12.99
8007.8433, 12.9899
8009.262, 12.9898
8009.2635, 12.9897
8010.6808, 12.9897
8010.6822, 12.9897
