#DataThief C:\Users\Andy.DESKTOP-CFRG05F\OneDrive - California Institute of Technology\Documents\Research\Kornfield\EXPERIMENTS\Italy\data\datathief\20190725_0801_1k3f_60c\20190731_0921_1k3f_7900kPa_60c_T.PNG Wednesday 7-Aug-2019 10:30:44 PM
7159.8087, 7543.5657
7161.2259, 7543.5643
7162.6432, 7543.5629
7164.059, 7547.0041
7164.0576, 7550.4466
7165.4734, 7553.8879
7166.8906, 7553.8864
7168.3064, 7557.3277
7168.305, 7560.7703
7169.7208, 7564.2115
7169.7193, 7567.6541
7169.7179, 7571.0967
7169.7164, 7574.5393
7169.7149, 7577.982
7169.7135, 7581.4245
7169.7121, 7584.8672
7169.7106, 7588.3098
7169.7092, 7591.7525
7169.7077, 7595.1951
7169.7063, 7598.6377
7169.7048, 7602.0803
7169.7034, 7605.523
7169.7019, 7608.9656
7169.7004, 7612.4082
7169.6989, 7615.8508
7169.6975, 7619.2934
7169.6961, 7622.7361
7169.6945, 7626.1787
7169.6932, 7629.6213
7169.6917, 7633.064
7169.6903, 7636.5066
7169.6888, 7639.9492
7169.6874, 7643.3918
7169.6859, 7646.8345
7169.6844, 7650.2771
7169.683, 7653.7197
7169.6816, 7657.1623
7169.6801, 7660.605
7169.6787, 7664.0476
7169.6772, 7667.4902
7169.6758, 7670.9327
7169.6743, 7674.3755
7169.6729, 7677.8181
7169.6714, 7681.2607
7169.67, 7684.7033
7169.6684, 7688.1459
7169.667, 7691.5886
7171.0829, 7695.0298
7171.0814, 7698.4724
7171.08, 7701.915
7171.0785, 7705.3576
7171.077, 7708.8003
7171.0756, 7712.2429
7171.0741, 7715.6855
7171.0727, 7719.128
7171.0712, 7722.5708
7171.0698, 7726.0134
7171.0683, 7729.456
7171.0669, 7732.8986
7171.0654, 7736.3413
7171.064, 7739.7839
7172.4798, 7743.2251
7172.4783, 7746.6677
7172.4798, 7743.2251
7171.064, 7739.7839
7172.4812, 7739.7824
7173.8999, 7736.3384
7173.9014, 7732.8958
7173.9028, 7729.4531
7173.9043, 7726.0105
7173.9058, 7722.5678
7173.9072, 7719.1253
7173.9087, 7715.6825
7173.9101, 7712.24
7173.9116, 7708.7974
7173.913, 7705.3548
7173.9144, 7701.9121
7173.9159, 7698.4695
7173.9174, 7695.0269
7173.9188, 7691.5843
7173.9203, 7688.1416
7173.9217, 7684.6989
7173.9232, 7681.2564
7173.9245, 7677.8138
7175.3433, 7674.3697
7175.3448, 7670.9271
7175.3462, 7667.4845
7175.3477, 7664.0418
7175.3491, 7660.5992
7175.3506, 7657.1566
7175.3521, 7653.714
7175.3535, 7650.2713
7175.355, 7646.8287
7175.3564, 7643.386
7175.3578, 7639.9435
7175.3593, 7636.5008
7175.3608, 7633.0582
7175.3622, 7629.6156
7175.3637, 7626.173
7175.3651, 7622.7303
7175.3666, 7619.2877
7175.3679, 7615.8451
7175.3695, 7612.4025
7175.3709, 7608.9598
7175.3724, 7605.5171
7175.3738, 7602.0746
7175.3753, 7598.632
7175.3767, 7595.1893
7175.3782, 7591.7467
7175.3796, 7588.3041
7176.7984, 7584.8599
7176.7997, 7581.4174
7178.2185, 7577.9734
7179.6372, 7574.5293
7179.6387, 7571.0867
7181.0574, 7567.6425
7181.0588, 7564.2
7182.4775, 7560.7559
7182.479, 7557.3133
7183.8977, 7553.8692
7183.8992, 7550.4266
7185.3179, 7546.9826
7185.3193, 7543.5399
7186.738, 7540.0959
7186.7395, 7536.6533
7188.1582, 7533.2092
7188.1596, 7529.7666
7189.5784, 7526.3225
7189.5798, 7522.8799
7190.9985, 7519.4358
7192.4158, 7519.4344
7193.8345, 7515.9903
7195.2532, 7512.5463
7196.6705, 7512.5448
7196.6719, 7509.1022
7198.0892, 7509.1008
7199.5079, 7505.6566
7200.9266, 7502.2127
7202.3437, 7502.2112
7203.7596, 7505.6524
7205.1769, 7505.651
7206.5941, 7505.6495
7208.0114, 7505.6481
7209.4287, 7505.6467
7210.8474, 7502.2026
7212.2646, 7502.2012
7213.6819, 7502.1997
7215.0977, 7505.6409
7216.5135, 7509.0821
7217.9308, 7509.0807
7219.3495, 7505.6366
7220.7667, 7505.6352
7222.1855, 7502.1911
7223.6027, 7502.1897
7225.02, 7502.1883
7226.4372, 7502.1868
7227.853, 7505.628
7229.2703, 7505.6266
7230.6875, 7505.6251
7232.1048, 7505.6237
7233.5221, 7505.6223
7234.9393, 7505.6208
7236.3566, 7505.6194
7237.7738, 7505.6179
7239.1911, 7505.6165
7240.6084, 7505.6151
7242.0256, 7505.6137
7243.4429, 7505.6122
7244.8601, 7505.6108
7246.2774, 7505.6094
7247.6945, 7505.6078
7249.1118, 7505.6065
7250.5292, 7505.6051
7251.9464, 7505.6036
7253.3637, 7505.6021
7254.7795, 7509.0434
7256.1967, 7509.0419
7257.6125, 7512.483
7259.0298, 7512.4817
7260.4456, 7515.9229
7261.8629, 7515.9215
7263.2787, 7519.3626
7264.6959, 7519.3612
7266.1132, 7519.3598
7267.5304, 7519.3583
7268.9477, 7519.3569
7270.365, 7519.3555
7271.7822, 7519.354
7273.198, 7522.7952
7274.6153, 7522.7938
7276.0311, 7526.2349
7277.4483, 7526.2335
7278.8671, 7522.7894
7280.2843, 7522.788
7281.7016, 7522.7866
7283.1188, 7522.7852
7284.5361, 7522.7837
7285.9533, 7522.7823
7287.3691, 7526.2235
7288.7864, 7526.2221
7290.2037, 7526.2206
7291.6209, 7526.2192
7293.0382, 7526.2178
7294.4554, 7526.2163
7295.8727, 7526.2149
7297.29, 7526.2134
7297.2885, 7529.6561
7298.7043, 7533.0973
7300.1216, 7533.0958
7301.5373, 7536.537
7302.9546, 7536.5356
7304.3704, 7539.9768
7305.7891, 7536.5327
7307.2064, 7536.5312
7307.2079, 7533.0887
7308.6251, 7533.0872
7310.0438, 7529.6432
7311.4611, 7529.6417
7312.8769, 7533.0829
7314.2941, 7533.0815
7315.7099, 7536.5227
7317.1272, 7536.5211
7318.5445, 7536.5198
7319.9617, 7536.5184
7321.379, 7536.5169
7322.7976, 7533.0729
7324.2149, 7533.0714
7325.6322, 7533.07
7327.0495, 7533.0686
7328.4667, 7533.0671
7329.884, 7533.0657
7331.3012, 7533.0643
7332.7199, 7529.6202
7332.7214, 7526.1776
7334.1387, 7526.1761
7334.1401, 7522.7335
7335.5574, 7522.7321
7336.9761, 7519.288
7338.3933, 7519.2866
7339.8106, 7519.2851
7341.2264, 7522.7263
7342.6437, 7522.7248
7344.0624, 7519.2808
7345.4796, 7519.2793
7346.8982, 7515.8353
7348.3155, 7515.8338
7349.7328, 7515.8325
7351.1501, 7515.831
7352.5674, 7515.8296
7353.9846, 7515.8282
7355.4003, 7519.2694
7356.8176, 7519.2679
7358.2335, 7522.709
7359.6507, 7522.7077
7361.0695, 7519.2636
7362.4867, 7519.2622
7363.904, 7519.2608
7365.3212, 7519.2593
7366.7385, 7519.2579
7368.1557, 7519.2564
7369.5716, 7522.6976
7370.9888, 7522.6962
7372.4061, 7522.6947
7373.8233, 7522.6933
7375.2406, 7522.6919
7376.6578, 7522.6905
7378.0766, 7519.2464
7379.4938, 7519.245
7380.9111, 7519.2435
7382.3283, 7519.2421
7383.7441, 7522.6833
7385.1614, 7522.6819
7386.5786, 7522.6804
7387.9973, 7519.2364
7389.4146, 7519.2349
7390.8333, 7515.7909
7392.2506, 7515.7894
7393.6678, 7515.788
7395.0851, 7515.7866
7396.5024, 7515.7851
7397.9196, 7515.7837
7399.3369, 7515.7823
7400.7541, 7515.7808
7402.1714, 7515.7793
7403.5886, 7515.7779
7405.0059, 7515.7765
7406.4232, 7515.7751
7407.8404, 7515.7736
7409.2577, 7515.7722
7410.6735, 7519.2134
7412.0907, 7519.212
7413.5065, 7522.6532
7414.9238, 7522.6517
7416.3425, 7519.2077
7417.7598, 7519.2062
7419.1785, 7515.7622
7420.5957, 7515.7607
7422.013, 7515.7593
7423.4303, 7515.7579
7424.846, 7519.199
7426.2633, 7519.1976
7427.6806, 7519.1962
7429.0977, 7519.1947
7430.5151, 7519.1933
7431.9323, 7519.1919
7433.3511, 7515.7478
7434.7683, 7515.7464
7436.1856, 7515.7449
7437.6028, 7515.7435
7439.0186, 7519.1847
7440.4359, 7519.1833
7441.8532, 7519.1818
7443.2704, 7519.1804
7444.6891, 7515.7363
7446.1064, 7515.7349
7447.5236, 7515.7335
7448.9409, 7515.732
7450.358, 7515.7306
7451.7753, 7515.7292
7453.1912, 7519.1703
7454.6085, 7519.1689
7456.0257, 7519.1675
7457.443, 7519.166
7458.8601, 7519.1646
7460.2775, 7519.1632
7461.6947, 7519.1617
7463.112, 7519.1602
7464.5293, 7519.1589
7465.9465, 7519.1574
7467.3623, 7522.5986
7468.7795, 7522.5972
7470.1969, 7522.5958
7471.6141, 7522.5943
7473.0328, 7519.1503
7474.4501, 7519.1488
7475.8673, 7519.1474
7477.2846, 7519.146
7478.7019, 7519.1445
7480.1191, 7519.1431
7481.5349, 7522.5843
7482.9522, 7522.5828
7484.3694, 7522.5814
7485.7867, 7522.58
7487.2054, 7519.1359
7488.6227, 7519.1345
7490.0414, 7515.6904
7491.4586, 7515.689
7492.8759, 7515.6875
7494.2931, 7515.6861
7495.7088, 7519.1273
7497.1262, 7519.1259
7498.5434, 7519.1244
7499.9607, 7519.123
7501.3794, 7515.6789
7502.7967, 7515.6775
7504.2139, 7515.6761
7505.6312, 7515.6745
7507.0485, 7515.6732
7508.4657, 7515.6718
7509.883, 7515.6703
7511.3002, 7515.6689
7512.7175, 7515.6675
7514.1348, 7515.666
7515.552, 7515.6646
7516.9693, 7515.6631
7518.3865, 7515.6617
7519.8037, 7515.6602
7521.221, 7515.6588
7522.6383, 7515.6574
7524.0556, 7515.656
7525.4714, 7519.0972
7526.8885, 7519.0957
7528.3073, 7515.6517
7529.726, 7512.2076
7531.1447, 7508.7635
7532.562, 7508.7621
7533.9807, 7505.3181
7535.398, 7505.3166
7536.8152, 7505.3152
7538.2325, 7505.3136
7539.6497, 7505.3123
7541.0685, 7501.8683
7542.4857, 7501.8668
7543.903, 7501.8654
7545.3202, 7501.8639
7546.7375, 7501.8625
7548.1547, 7501.8611
7549.572, 7501.8596
7550.9878, 7505.3008
7552.4051, 7505.2993
7552.4036, 7508.742
7553.8209, 7508.7406
7555.2396, 7505.2965
7556.6568, 7505.2951
7556.6583, 7501.8525
7558.0756, 7501.851
7559.4928, 7501.8496
7560.9101, 7501.8481
7562.3273, 7501.8467
7563.7446, 7501.8453
7565.1618, 7501.8439
7566.5776, 7505.285
7567.9949, 7505.2836
7569.4122, 7505.2822
7570.8294, 7505.2807
7572.2467, 7505.2793
7573.6639, 7505.2779
7575.0812, 7505.2764
7576.4984, 7505.275
7577.9157, 7505.2736
7577.9143, 7508.7162
7579.3301, 7512.1574
7580.7473, 7512.1559
7582.1631, 7515.5971
7583.5804, 7515.5957
7584.9962, 7519.0369
7586.4149, 7515.5928
7587.8336, 7512.1488
7589.2509, 7512.1473
7590.6696, 7508.7033
7592.0868, 7508.7018
7593.5026, 7512.143
7594.9199, 7512.1416
7596.3357, 7515.5828
7597.753, 7515.5813
7599.1702, 7515.5798
7600.5875, 7515.5785
7602.0062, 7512.1344
7603.4234, 7512.133
7604.8407, 7512.1315
7606.258, 7512.1301
7607.6752, 7512.1287
7609.0925, 7512.1272
7610.5097, 7512.1258
7611.927, 7512.1244
7613.3428, 7515.5655
7614.7601, 7515.5641
7616.1788, 7512.1201
7617.596, 7512.1186
7619.0147, 7508.6745
7620.432, 7508.6731
7621.8492, 7508.6717
7623.268, 7505.2276
7624.6852, 7505.2262
7626.1025, 7505.2248
7627.5197, 7505.2233
7628.937, 7505.2219
7630.3542, 7505.2205
7631.7715, 7505.219
7633.1888, 7505.2176
7634.6059, 7505.2162
7636.0247, 7501.7721
7637.442, 7501.7707
7638.8592, 7501.7692
7640.2765, 7501.7678
7641.6923, 7505.209
7643.1096, 7505.2076
7644.5268, 7505.2061
7645.9455, 7501.7621
7647.3628, 7501.7606
7648.78, 7501.7591
7650.1988, 7498.3151
7651.616, 7498.3136
7653.0333, 7498.3123
7654.4505, 7498.3108
7655.8678, 7498.3094
7657.2836, 7501.7506
7658.7008, 7501.749
7660.1196, 7498.3051
7661.5368, 7498.3037
7662.9555, 7494.8596
7664.3728, 7494.8582
7665.79, 7494.8567
7667.2073, 7494.8553
7668.6231, 7498.2965
7670.0404, 7498.295
7671.4562, 7501.7362
7672.8734, 7501.7348
7674.2907, 7501.7334
7675.7079, 7501.7319
7677.1267, 7498.2879
7678.5439, 7498.2864
7679.9612, 7498.285
7681.3784, 7498.2836
7682.7957, 7498.2821
7684.2129, 7498.2807
7685.6301, 7498.2793
7687.0475, 7498.2778
7688.4647, 7498.2764
7689.882, 7498.275
7691.2992, 7498.2735
7692.7165, 7498.2721
7694.1338, 7498.2706
7695.5495, 7501.7118
7696.9668, 7501.7104
7698.3826, 7505.1516
7698.3812, 7508.5941
7699.797, 7512.0354
7701.2142, 7512.034
7702.63, 7515.4752
7704.0473, 7515.4737
7705.466, 7512.0297
7706.8833, 7512.0282
7708.302, 7508.5842
7709.7191, 7508.5827
7711.135, 7512.0239
7712.5523, 7512.0225
7713.9681, 7515.4637
7715.3854, 7515.4622
7716.8012, 7518.9034
7718.2184, 7518.902
7719.6357, 7518.9005
7721.0529, 7518.8991
7722.4702, 7518.8977
7723.8889, 7515.4536
7725.3062, 7515.4522
7726.7234, 7515.4508
7728.1407, 7515.4493
7729.5579, 7515.4479
7730.9752, 7515.4465
7732.391, 7518.8876
7733.8083, 7518.8862
7733.8096, 7515.4436
7735.2284, 7511.9995
7735.2299, 7508.5569
7736.6486, 7505.1128
7738.0658, 7505.1114
7739.4845, 7501.6673
7740.9018, 7501.6659
7742.3191, 7501.6644
7743.7363, 7501.663
7745.1536, 7501.6616
7746.5708, 7501.6602
7747.9881, 7501.6587
7749.4068, 7498.2147
7750.8241, 7498.2132
7752.2413, 7498.2118
7753.6585, 7498.2104
7755.0758, 7498.2089
7756.4931, 7498.2075
7757.9104, 7498.2061
7759.3262, 7501.6473
7760.742, 7505.0884
7762.1578, 7508.5295
7763.5735, 7511.9708
7764.9908, 7511.9694
7766.4095, 7508.5253
7767.8268, 7508.5239
7769.2441, 7508.5225
7770.6627, 7505.0784
7772.08, 7505.077
7772.0786, 7508.5196
7773.4944, 7511.9607
7774.9116, 7511.9593
7776.3274, 7515.4005
7777.7447, 7515.3991
7779.162, 7515.3977
7780.5792, 7515.3961
7781.9965, 7515.3948
7783.4137, 7515.3934
7784.831, 7515.3919
7786.2482, 7515.3905
7787.6655, 7515.3891
7789.0828, 7515.3876
7790.4986, 7518.8288
7791.9158, 7518.8274
7793.3316, 7522.2686
7794.7489, 7522.2671
7796.1676, 7518.8231
7797.5849, 7518.8216
7799.0036, 7515.3776
7800.4208, 7515.3761
7801.838, 7515.3747
7803.2553, 7515.3733
7804.6711, 7518.8145
7806.0884, 7518.813
7807.5057, 7518.8115
7808.9229, 7518.8102
7810.3402, 7518.8087
7811.7574, 7518.8073
7813.1747, 7518.8058
7814.592, 7518.8044
7816.0092, 7518.803
7817.4264, 7518.8014
7818.8437, 7518.8001
7820.2595, 7522.2413
7821.6768, 7522.2399
7823.0926, 7525.6811
7824.5099, 7525.6796
7825.9285, 7522.2356
7827.3458, 7522.2341
7828.7645, 7518.7901
7830.1818, 7518.7886
7831.6005, 7515.3446
7833.0178, 7515.3431
7834.435, 7515.3417
7835.8523, 7515.3403
7837.2681, 7518.7814
7838.6867, 7515.3374
7840.104, 7515.336
7840.1055, 7511.8933
7841.5228, 7511.8919
7842.9415, 7508.4478
7844.3587, 7508.4464
7845.7774, 7505.0023
7847.1947, 7505.0009
7848.6118, 7504.9995
7850.0292, 7504.998
7851.4465, 7504.9966
7852.8637, 7504.9952
7854.281, 7504.9937
7855.6997, 7501.5497
7857.1169, 7501.5482
7858.5356, 7498.1042
7859.9529, 7498.1027
7861.3702, 7498.1013
7862.7873, 7498.0999
7864.2046, 7498.0984
7865.6219, 7498.097
7867.0392, 7498.0956
7868.455, 7501.5368
7869.8723, 7501.5352
7871.2894, 7501.5339
7872.7067, 7501.5325
7874.124, 7501.531
7875.5413, 7501.5295
7876.9586, 7501.5282
7878.3758, 7501.5267
7879.7931, 7501.5253
7881.2103, 7501.5238
7882.6276, 7501.5224
7884.0434, 7504.9636
7885.4606, 7504.9622
7886.8779, 7504.9607
7888.2952, 7504.9593
7889.7124, 7504.9579
7891.1297, 7504.9564
7892.5469, 7504.955
7893.9642, 7504.9536
7895.3815, 7504.9521
7896.7973, 7508.3933
7898.2145, 7508.3919
7899.6318, 7508.3904
7901.049, 7508.389
7902.4677, 7504.9449
7903.885, 7504.9435
7905.3023, 7504.9421
7906.7195, 7504.9405
7908.1368, 7504.9392
7909.554, 7504.9378
7910.9713, 7504.9363
7912.3885, 7504.9348
7913.8058, 7504.9335
7915.2231, 7504.932
7916.6402, 7504.9306
7918.0576, 7504.9292
7919.4748, 7504.9277
7920.8921, 7504.9263
7922.3094, 7504.9249
7923.7266, 7504.9234
7925.1439, 7504.922
7926.5611, 7504.9205
7927.9784, 7504.9191
7929.3956, 7504.9177
7930.8129, 7504.9162
7932.2302, 7504.9148
7933.6474, 7504.9134
7935.0647, 7504.9119
7936.4819, 7504.9104
7937.8992, 7504.9091
7939.3164, 7504.9076
7940.7337, 7504.9062
7942.151, 7504.9048
7943.5682, 7504.9033
7944.9855, 7504.9019
7946.4027, 7504.9005
7947.8199, 7504.899
7949.2373, 7504.8976
7950.6545, 7504.8961
7952.0703, 7508.3373
7953.4876, 7508.3359
7954.9048, 7508.3345
7956.3221, 7508.333
7957.7408, 7504.889
7959.1581, 7504.8875
7960.5768, 7501.4435
7961.994, 7501.4421
7963.4113, 7501.4405
7964.8285, 7501.4392
7966.2443, 7504.8803
7967.6616, 7504.8789
7969.0789, 7504.8775
7970.4961, 7504.8761
7971.9134, 7504.8746
7973.3321, 7501.4306
7974.7492, 7501.4291
7976.1666, 7501.4277
7977.5838, 7501.4263
7979.0011, 7501.4248
7980.4184, 7501.4234
7981.8342, 7504.8646
7983.2514, 7504.8631
7984.6686, 7504.8617
7986.086, 7504.8603
7987.5047, 7501.4162
7988.9219, 7501.4148
7990.3392, 7501.4133
7991.7564, 7501.4119
7993.1722, 7504.8531
7994.5895, 7504.8517
7996.0068, 7504.8502
7997.424, 7504.8488
7998.8413, 7504.8474
8000.2585, 7504.8458
8001.6743, 7508.2871
8003.0901, 7511.7283
8004.5059, 7515.1695
8005.9218, 7518.6107
