#DataThief C:\Users\Andy.DESKTOP-CFRG05F\OneDrive - California Institute of Technology\Documents\Research\Kornfield\EXPERIMENTS\Italy\data\datathief\20190725_0801_1k3f_60c\20190731_1231_1k3f_7500kPa_60c_p.PNG Thursday 8-Aug-2019 11:16:08 AM
8012.327, 7902.0002
8012.6274, 7899.5402
8012.9275, 7899.5392
8013.2277, 7899.5382
8013.5278, 7899.5371
8013.5281, 7897.0781
8013.8282, 7897.0771
8014.1283, 7897.0761
8014.4288, 7894.616
8014.7288, 7894.615
8015.029, 7894.6139
8015.0293, 7892.155
8015.3295, 7892.1539
8015.6296, 7892.1529
8015.9297, 7892.1519
8016.2298, 7892.1509
8016.5303, 7889.6907
8016.5306, 7887.2318
8016.5309, 7884.7728
8016.5312, 7882.3138
8016.5314, 7879.8547
8016.5318, 7877.3957
8016.5321, 7874.9367
8016.5324, 7872.4777
8016.5327, 7870.0187
8016.533, 7867.5596
8016.5333, 7865.1006
8016.5335, 7862.6416
8016.5339, 7860.1826
8016.5343, 7857.7236
8016.5346, 7855.2646
8016.5349, 7852.8056
8016.5352, 7850.3465
8016.5354, 7847.8875
8016.5358, 7845.4285
8016.5361, 7842.9695
8016.5364, 7840.5105
8016.5367, 7838.0514
8016.537, 7835.5924
8016.5373, 7833.1334
8016.5375, 7830.6743
8016.5379, 7828.2154
8016.5383, 7825.7564
8016.5386, 7823.2973
8016.5389, 7820.8383
8016.5392, 7818.3793
8016.5394, 7815.9203
8016.5398, 7813.4613
8016.5401, 7811.0023
8016.5404, 7808.5432
8016.5407, 7806.0842
8016.541, 7803.6252
8016.5413, 7801.1662
8016.5415, 7798.7072
8016.5419, 7796.2481
8016.5423, 7793.7891
8016.5426, 7791.3301
8016.5429, 7788.8711
8016.5432, 7786.4121
8016.5434, 7783.9531
8016.5438, 7781.494
8016.5441, 7779.035
8016.5444, 7776.576
8016.5447, 7774.117
8016.545, 7771.658
8016.5453, 7769.199
8016.5455, 7766.7399
8016.5459, 7764.2809
8016.5462, 7761.8218
8016.5466, 7759.3629
8016.5469, 7756.9039
8016.5472, 7754.4449
8016.5474, 7751.9858
8016.5478, 7749.5268
8016.5481, 7747.0678
8016.5484, 7744.6088
8016.5487, 7742.1498
8016.549, 7739.6907
8016.5493, 7737.2317
8016.5495, 7734.7727
8016.5499, 7732.3136
8016.5502, 7729.8547
8016.5506, 7727.3957
8016.5509, 7724.9365
8016.5512, 7722.4776
8016.5514, 7720.0186
8016.5518, 7717.5596
8016.5521, 7715.1006
8016.5524, 7712.6416
8016.5527, 7710.1825
8016.553, 7707.7235
8016.5533, 7705.2645
8016.5535, 7702.8054
8016.5539, 7700.3465
8016.5542, 7697.8875
8016.5546, 7695.4284
8016.5549, 7692.9694
8016.5552, 7690.5104
8016.5554, 7688.0514
8016.5558, 7685.5924
8016.5561, 7683.1333
8016.5564, 7680.6743
8016.5567, 7678.2153
8016.557, 7675.7563
8016.5573, 7673.2973
8016.5575, 7670.8383
8016.5579, 7668.3792
8016.5582, 7665.9202
8016.5586, 7663.4612
8016.5589, 7661.0022
8016.5592, 7658.5432
8016.5594, 7656.0842
8016.5598, 7653.6251
8016.5601, 7651.1661
8016.5604, 7648.7071
8016.5607, 7646.2481
8016.561, 7643.7891
8016.5613, 7641.3301
8016.5615, 7638.871
8016.5619, 7636.412
8016.5622, 7633.9529
8016.5625, 7631.494
8016.5629, 7629.035
8016.5632, 7626.5758
8016.5635, 7624.1169
8016.5638, 7621.6579
8016.5641, 7619.1989
8016.5644, 7616.7399
8016.5647, 7614.2809
8016.565, 7611.8218
8016.5653, 7609.3628
8016.5655, 7606.9038
8016.5659, 7604.4447
8016.5662, 7601.9858
8016.5665, 7599.5268
8016.5669, 7597.0677
8016.5672, 7594.6087
8016.5675, 7592.1497
8016.5678, 7589.6907
8016.5681, 7587.2317
8016.5684, 7584.7726
8016.5687, 7582.3136
8016.569, 7579.8546
8016.5693, 7577.3956
8016.5695, 7574.9365
8016.5699, 7572.4776
8016.5702, 7570.0185
8016.5705, 7567.5594
8016.5709, 7565.1005
8016.5712, 7562.6415
8016.5715, 7560.1825
8016.5718, 7557.7235
8016.5721, 7555.2644
8016.8725, 7552.8044
8016.8728, 7550.3454
8016.8731, 7547.8864
8016.8734, 7545.4273
8016.8737, 7542.9683
8016.874, 7540.5093
8016.8744, 7538.0503
8016.8747, 7535.5913
8016.875, 7533.1323
8016.8753, 7530.6732
8016.8756, 7528.2142
8016.8759, 7525.7551
8016.8761, 7523.2962
8016.8765, 7520.8372
8016.8768, 7518.3782
8016.8771, 7515.9191
8016.8774, 7513.4601
8016.8777, 7511.0011
8016.878, 7508.5421
8016.8784, 7506.0831
8016.8787, 7503.624
8016.879, 7501.165
8016.8793, 7498.706
8016.8796, 7496.2469
8016.8799, 7493.788
8017.18, 7493.787
8017.4805, 7491.3269
8017.7806, 7491.3259
8017.7809, 7488.8669
8017.7812, 7486.4079
8017.7814, 7483.9487
8018.0816, 7483.9478
8018.0819, 7481.4888
8018.382, 7481.4878
8018.3824, 7479.0287
8018.6825, 7479.0277
8018.6827, 7476.5687
8018.9828, 7476.5676
8018.9832, 7474.1087
8019.2833, 7474.1076
8019.2837, 7471.6486
8019.5838, 7471.6476
8019.584, 7469.1886
8019.8841, 7469.1876
8019.8845, 7466.7285
8020.1847, 7466.7275
8020.185, 7464.2685
8020.4851, 7464.2675
8020.7852, 7464.2664
8020.7854, 7461.8074
8021.0856, 7461.8064
8021.086, 7459.3474
8021.386, 7459.3464
8021.6862, 7459.3453
8021.6865, 7456.8862
8021.9866, 7456.8853
8022.2871, 7454.4252
8022.5872, 7454.4242
8022.5875, 7451.9651
8022.8876, 7451.9642
8023.1877, 7451.9632
8023.4879, 7451.9621
8023.4882, 7449.503
8023.7883, 7449.5021
8024.0884, 7449.5011
8024.3886, 7449.5
8024.689, 7447.04
8024.9891, 7447.039
8024.9893, 7444.58
8025.2894, 7444.5789
8025.5897, 7444.5779
8025.5899, 7442.1189
8025.8901, 7442.1179
8025.8904, 7439.6588
8026.1905, 7439.6578
8026.1908, 7437.1988
8026.491, 7437.1978
8026.7911, 7437.1968
8026.7913, 7434.7377
8027.0915, 7434.7367
8027.0918, 7432.2777
8027.392, 7432.2767
8027.3923, 7429.8176
8027.6924, 7429.8166
8027.9928, 7427.3566
8028.293, 7427.3556
8028.2933, 7424.8965
8027.9931, 7424.8976
8028.2933, 7424.8965
8028.5934, 7424.8955
8028.8935, 7424.8944
8029.1936, 7424.8935
8029.4938, 7424.8923
8029.7939, 7424.8914
8030.094, 7424.8904
8030.3941, 7424.8894
8030.3938, 7427.3484
8030.3935, 7429.8074
8030.3932, 7432.2664
8030.3929, 7434.7254
8030.3926, 7437.1844
8030.3923, 7439.6435
8030.6921, 7442.1015
8030.6918, 7444.5605
8030.6915, 7447.0195
8030.6912, 7449.4785
8030.6909, 7451.9375
8030.6905, 7454.3965
8030.6903, 7456.8556
8030.9901, 7459.3136
8030.9898, 7461.7726
8030.9895, 7464.2316
8030.9891, 7466.6905
8030.9889, 7469.1496
8030.9885, 7471.6086
8030.9882, 7474.0677
8030.9879, 7476.5267
8030.9876, 7478.9857
8030.9872, 7481.4447
8030.987, 7483.9037
8030.9867, 7486.3628
8030.9864, 7488.8218
8030.9861, 7491.2808
8030.9858, 7493.7398
8030.9855, 7496.1988
8030.9851, 7498.6578
8030.9849, 7501.1169
8030.9845, 7503.5758
8031.2844, 7506.0339
8031.2841, 7508.4929
8031.2837, 7510.9519
8031.2833, 7513.4109
8031.2831, 7515.8699
8031.2828, 7518.329
8031.2825, 7520.788
8031.583, 7518.3279
8031.5833, 7515.8689
8031.5836, 7513.4099
8031.5838, 7510.9508
8031.5842, 7508.4919
8031.5845, 7506.0328
8031.5848, 7503.5737
8031.5851, 7501.1148
8031.5854, 7498.6558
8031.5857, 7496.1968
8031.5859, 7493.7378
8031.5863, 7491.2787
8031.5866, 7488.8197
8031.5869, 7486.3607
8031.5873, 7483.9017
8031.5876, 7481.4426
8031.5878, 7478.9836
8031.5882, 7476.5246
8031.5885, 7474.0656
8031.5888, 7471.6066
8031.5891, 7469.1476
8031.5894, 7466.6886
8031.5897, 7464.2295
8031.5899, 7461.7705
8031.5903, 7459.3115
8031.5906, 7456.8525
8031.5909, 7454.3935
8031.5913, 7451.9344
8031.5916, 7449.4754
8031.5918, 7447.0164
8031.5922, 7444.5574
8031.5925, 7442.0984
8031.5928, 7439.6394
8031.5931, 7437.1804
8031.5934, 7434.7213
8031.5937, 7432.2623
8031.5939, 7429.8033
8031.5943, 7427.3443
8031.5946, 7424.8853
8031.5949, 7422.4262
8031.5953, 7419.9672
8031.5956, 7417.5082
8031.5958, 7415.0492
8031.5962, 7412.5901
8031.5965, 7410.1312
8031.5968, 7407.6721
8031.5971, 7405.2131
8031.5974, 7402.7541
8031.5977, 7400.2951
8031.5979, 7397.8361
8031.5983, 7395.3771
8031.5986, 7392.918
8031.5989, 7390.459
8031.5992, 7388.0
8031.5996, 7385.541
8031.5998, 7383.082
8031.6002, 7380.623
8031.6005, 7378.1639
8031.6008, 7375.7048
8031.6011, 7373.2459
8031.6014, 7370.7869
8031.6017, 7368.3279
8031.6019, 7365.8688
8031.6023, 7363.4098
8031.6026, 7360.9508
8031.6029, 7358.4918
8031.6032, 7356.0328
8031.6036, 7353.5737
8031.6038, 7351.1147
8031.6042, 7348.6557
8031.6045, 7346.1967
8031.6048, 7343.7377
8031.6051, 7341.2787
8031.6054, 7338.8197
8031.6057, 7336.3606
8031.6059, 7333.9016
8031.6063, 7331.4426
8031.6066, 7328.9836
8031.6069, 7326.5246
8031.6072, 7324.0655
8031.6076, 7321.6065
8031.6078, 7319.1475
8031.6082, 7316.6885
8031.6085, 7314.2295
8031.6088, 7311.7705
8031.9089, 7311.7694
8031.9085, 7314.2285
8031.9083, 7316.6875
8031.908, 7319.1465
8031.9077, 7321.6055
8031.9074, 7324.0645
8031.9071, 7326.5234
8031.9068, 7328.9826
8031.9064, 7331.4416
8031.9061, 7333.9005
8032.206, 7336.3586
8032.2057, 7338.8176
8032.2053, 7341.2766
8032.205, 7343.7356
8032.2046, 7346.1947
8032.2044, 7348.6537
8032.2041, 7351.1127
8032.2038, 7353.5716
8032.2035, 7356.0307
8032.2032, 7358.4897
8032.2029, 7360.9487
8032.2026, 7363.4078
8032.2023, 7365.8668
8032.5021, 7368.3248
8032.5018, 7370.7838
8032.5015, 7373.2428
8032.5011, 7375.7018
8032.5009, 7378.1609
8032.5005, 7380.6199
8032.5002, 7383.0789
8032.4999, 7385.5379
8032.4996, 7387.9969
8032.4993, 7390.4559
8032.499, 7392.915
8032.4987, 7395.374
8032.4984, 7397.833
8032.4981, 7400.292
8032.7979, 7402.75
8032.7976, 7405.209
8032.7973, 7407.668
8032.797, 7410.1271
8032.7967, 7412.5861
8032.7964, 7415.0451
8032.7961, 7417.5041
8032.7957, 7419.963
8032.7953, 7422.4221
8032.7951, 7424.8812
8032.7948, 7427.3402
8032.7945, 7429.7992
8032.7942, 7432.2582
8032.7939, 7434.7172
8032.7936, 7437.1763
8033.0934, 7439.6341
8033.0931, 7442.0933
8033.0928, 7444.5523
8033.0925, 7447.0113
8033.0922, 7449.4703
8033.0919, 7451.9293
8033.0916, 7454.3883
8033.0913, 7456.8474
8033.091, 7459.3064
8033.0907, 7461.7654
8033.0903, 7464.2244
8033.09, 7466.6834
8033.0897, 7469.1425
8033.0894, 7471.6015
8033.3892, 7474.0594
8033.3889, 7476.5185
8033.3886, 7478.9775
8033.3883, 7481.4365
8033.388, 7483.8955
8033.3877, 7486.3546
8033.3874, 7488.8136
8033.3871, 7491.2726
8033.3868, 7493.7316
8033.3865, 7496.1905
8033.3862, 7498.6496
8033.3859, 7501.1087
8033.3855, 7503.5676
8033.3852, 7506.0267
8033.3849, 7508.4857
8033.6848, 7510.9437
8033.6844, 7513.4027
8033.6848, 7510.9437
8033.6851, 7508.4847
8033.6854, 7506.0257
8033.9855, 7506.0246
8034.2859, 7503.5646
8034.2862, 7501.1056
8034.5864, 7501.1046
8034.5867, 7498.6455
8034.8868, 7498.6444
8035.1869, 7498.6435
8035.1872, 7496.1844
8035.4873, 7496.1834
8035.7875, 7496.1824
8035.7877, 7493.7234
8036.0879, 7493.7224
8036.0882, 7491.2634
8036.3883, 7491.2623
8036.3886, 7488.8033
8036.6888, 7488.8023
8036.9889, 7488.8013
8036.9891, 7486.3422
8037.2893, 7486.3412
8037.2896, 7483.8822
8037.5897, 7483.8812
8037.5901, 7481.4222
8037.8902, 7481.4211
8038.1903, 7481.4201
8038.1905, 7478.9611
8038.4908, 7478.9601
8038.491, 7476.5011
8038.7912, 7476.5
8038.7915, 7474.041
8039.0916, 7474.04
8039.3917, 7474.039
8039.392, 7471.5798
8039.6922, 7471.5789
8039.6925, 7469.1199
8039.9926, 7469.1189
8040.2927, 7469.1179
8040.293, 7466.6588
8040.5932, 7466.6578
8040.8933, 7466.6568
8041.1934, 7466.6558
8041.1937, 7464.1967
8041.4938, 7464.1957
8041.794, 7464.1947
8042.0941, 7464.1937
8042.3945, 7461.7336
8042.6947, 7461.7326
8042.9948, 7461.7316
8043.2949, 7461.7306
8043.595, 7461.7295
8043.8952, 7461.7285
8044.1956, 7459.2685
8044.4957, 7459.2674
8044.7957, 7459.2664
8045.096, 7459.2654
8045.3961, 7459.2644
8045.6962, 7459.2633
8045.9963, 7459.2623
8046.2962, 7461.7203
8046.5963, 7461.7193
8046.8963, 7461.7182
8047.1965, 7461.7172
8047.4967, 7461.7162
8047.7968, 7461.7151
8048.0969, 7461.7141
8048.397, 7461.713
8048.6972, 7461.7121
8048.9973, 7461.7111
8049.2977, 7459.251
8049.5977, 7459.25
8049.898, 7459.249
8050.1984, 7456.7889
8050.4988, 7454.3289
8050.799, 7454.3279
8050.7993, 7451.8689
8051.0994, 7451.8678
8051.3995, 7451.8668
8051.3998, 7449.4078
8051.6999, 7449.4068
8052.0001, 7449.4057
8052.3002, 7449.4047
8052.6002, 7449.4037
8052.9003, 7449.4027
8053.2009, 7446.9426
8053.501, 7446.9416
8053.8011, 7446.9405
8054.1013, 7446.9395
8054.4014, 7446.9385
8054.7015, 7446.9375
8055.0016, 7446.9365
8055.3018, 7446.9354
8055.6019, 7446.9344
8055.902, 7446.9334
8056.2021, 7446.9324
8056.5023, 7446.9313
8056.8024, 7446.9303
8057.1025, 7446.9293
8057.4026, 7446.9283
8057.7027, 7446.9272
8058.0026, 7449.3852
8058.3027, 7449.3841
8058.6028, 7449.3832
8058.903, 7449.3822
8059.2031, 7449.3811
8059.5032, 7449.3801
8059.8033, 7449.3791
8060.1035, 7449.378
8060.4036, 7449.377
8060.7037, 7449.376
8061.0038, 7449.375
8061.3043, 7446.9149
8061.6044, 7446.9139
8061.9045, 7446.9129
8062.2049, 7444.4529
8062.5051, 7444.4518
8062.5053, 7441.9928
8062.8054, 7441.9918
8063.1056, 7441.9908
8063.4058, 7441.9897
8063.4061, 7439.5307
8063.7062, 7439.5297
8064.0063, 7439.5287
8064.3064, 7439.5276
8064.6066, 7439.5266
8064.9066, 7439.5255
8065.2068, 7439.5246
8065.5069, 7439.5234
8065.8071, 7439.5225
8066.1072, 7439.5215
8066.4073, 7439.5205
8066.7074, 7439.5194
8067.0076, 7439.5184
8067.3077, 7439.5173
8067.6078, 7439.5164
8067.9079, 7439.5152
8068.2078, 7441.9733
8068.5079, 7441.9723
8068.808, 7441.9713
8069.1081, 7441.9703
8069.4083, 7441.9691
8069.7086, 7439.5091
8070.0088, 7439.5082
8070.3089, 7439.507
8070.6094, 7437.0471
8070.9095, 7437.0461
8070.9098, 7434.5871
8071.2099, 7434.5859
8071.5101, 7434.585
8071.8102, 7434.584
8071.8105, 7432.125
8072.1106, 7432.1239
8072.4107, 7432.1229
8072.7109, 7432.1219
8073.011, 7432.1209
8073.3114, 7429.6608
8073.6115, 7429.6598
8073.9117, 7429.6588
8074.2118, 7429.6577
8074.5119, 7429.6566
8074.812, 7429.6557
8075.1122, 7429.6547
8075.4123, 7429.6536
8075.7124, 7429.6526
8076.0125, 7429.6516
8076.3127, 7429.6505
8076.6128, 7429.6495
8076.9129, 7429.6484
8077.213, 7429.6475
8077.5129, 7432.1055
8077.813, 7432.1045
8078.1131, 7432.1034
8078.4132, 7432.1024
8078.713, 7434.5604
8079.0132, 7434.5594
8079.3133, 7434.5584
8079.313, 7437.0174
8079.6131, 7437.0163
8079.9133, 7437.0153
8080.2134, 7437.0143
8080.5135, 7437.0133
8080.8136, 7437.0122
8081.1138, 7437.0112
8081.4139, 7437.0102
8081.714, 7437.0092
8082.0141, 7437.0081
8082.3143, 7437.0071
8082.6143, 7437.0061
8082.9144, 7437.0051
8083.2146, 7437.004
8083.5148, 7437.003
8083.8149, 7437.002
8084.1153, 7434.542
8084.4154, 7434.5409
8084.7156, 7434.5399
8085.016, 7432.0799
8085.3161, 7432.0788
8085.6162, 7432.0778
8085.9163, 7432.0768
8086.2165, 7432.0758
8086.5166, 7432.0747
8086.8167, 7432.0737
8087.1169, 7432.0727
8087.417, 7432.0717
8087.717, 7432.0706
8088.0172, 7432.0695
8088.3174, 7432.0686
8088.6175, 7432.0676
8088.9176, 7432.0665
8089.2174, 7434.5245
8089.5175, 7434.5234
8089.8176, 7434.5225
8090.1178, 7434.5215
8090.4179, 7434.5204
8090.7181, 7434.5194
8091.0182, 7434.5184
8091.3186, 7432.0583
8091.6188, 7432.0573
8091.9189, 7432.0563
8092.2193, 7429.5962
8092.5194, 7429.5952
8092.8195, 7429.5941
8092.8199, 7427.1352
8093.12, 7427.1342
8093.4201, 7427.1331
8093.7202, 7427.132
8094.0204, 7427.1311
8094.3205, 7427.1301
8094.6206, 7427.129
8094.9207, 7427.128
8095.2209, 7427.127
8095.521, 7427.126
8095.8211, 7427.1249
8096.1212, 7427.1239
8096.4214, 7427.1229
8096.7215, 7427.1219
8097.0216, 7427.1208
8097.3216, 7427.1198
8097.6216, 7429.5777
8097.9217, 7429.5768
8098.2218, 7429.5756
8098.5219, 7429.5747
8098.8218, 7432.0327
8099.1219, 7432.0317
8099.1216, 7434.4907
8099.4217, 7434.4897
8099.7218, 7434.4887
8100.0219, 7434.4876
8100.0216, 7436.9466
8100.3218, 7436.9456
8100.6219, 7436.9445
8100.922, 7436.9436
8101.2221, 7436.9425
8101.5223, 7436.9415
8101.8224, 7436.9405
8102.1228, 7434.4805
8102.4229, 7434.4794
8102.7231, 7434.4784
8103.0235, 7432.0184
8103.3235, 7432.0173
8103.3239, 7429.5583
8103.624, 7429.5573
8103.9242, 7429.5563
8104.2243, 7429.5552
8104.5244, 7429.5542
8104.8246, 7429.5532
8105.1247, 7429.5522
8105.4248, 7429.5511
8105.7248, 7429.5501
8106.0251, 7429.5491
8106.3252, 7429.5481
8106.6253, 7429.547
8106.9254, 7429.546
8107.2256, 7429.545
8107.5257, 7429.544
8107.8255, 7432.002
8108.1256, 7432.0009
8108.4258, 7431.9999
8108.7259, 7431.9989
8109.0257, 7434.4569
8109.3258, 7434.4559
8109.626, 7434.4548
8109.9261, 7434.4538
8110.2265, 7431.9938
8110.5266, 7431.9927
8110.8268, 7431.9917
8111.1269, 7431.9907
8111.427, 7431.9897
8111.7274, 7429.5295
8112.0276, 7429.5286
8112.0279, 7427.0695
8112.328, 7427.0686
8112.628, 7427.0675
8112.6284, 7424.6085
8112.9285, 7424.6075
8113.2287, 7424.6065
8113.229, 7422.1474
8113.5291, 7422.1464
8113.8292, 7422.1454
8114.1294, 7422.1444
8114.4295, 7422.1433
8114.7296, 7422.1423
8115.0301, 7419.6823
8115.3302, 7419.6812
8115.6303, 7419.6802
8115.9304, 7419.6792
8116.2306, 7419.6782
8116.5307, 7419.6771
8116.8308, 7419.6761
8117.1309, 7419.6751
8117.4311, 7419.6741
8117.7309, 7422.132
8118.031, 7422.131
8118.3311, 7422.13
8118.6312, 7422.129
8118.9311, 7424.587
8119.2312, 7424.5859
8119.5312, 7424.5849
8119.8314, 7424.5838
8120.1313, 7427.0419
8120.4314, 7427.0409
8120.7315, 7427.0399
8121.0316, 7427.0388
8121.3317, 7427.0378
8121.6319, 7427.0368
8121.932, 7427.0358
8122.2321, 7427.0347
8122.5323, 7427.0337
8122.8327, 7424.5737
8123.1328, 7424.5726
8123.4329, 7424.5716
8123.733, 7424.5706
8124.0335, 7422.1105
8124.3336, 7422.1095
8124.6338, 7422.1085
8124.9339, 7422.1075
8125.234, 7422.1064
8125.5341, 7422.1054
8125.8343, 7422.1044
8126.1344, 7422.1034
8126.4344, 7422.1023
8126.7346, 7422.1013
8127.0348, 7422.1003
8127.3346, 7424.5583
8127.6347, 7424.5573
8127.9348, 7424.5562
8128.2346, 7427.0142
8128.5348, 7427.0132
8128.8349, 7427.0122
8128.8346, 7429.4712
8129.1347, 7429.4702
8129.4348, 7429.4691
8129.7349, 7429.4681
8130.0351, 7429.4671
8130.3352, 7429.4661
8130.6353, 7429.465
8130.9355, 7429.464
8131.2359, 7427.004
8131.536, 7427.003
8131.8361, 7427.0019
8132.1366, 7424.5419
8132.4367, 7424.5409
8132.437, 7422.0818
8132.737, 7422.0808
8133.0373, 7422.0798
8133.3374, 7422.0788
8133.6375, 7422.0777
8133.9376, 7422.0767
8134.2378, 7422.0757
8134.5379, 7422.0747
8134.838, 7422.0735
8135.1381, 7422.0726
8135.4383, 7422.0716
8135.7384, 7422.0706
8136.0385, 7422.0695
8136.3383, 7424.5274
8136.6385, 7424.5265
8136.9386, 7424.5255
8137.2387, 7424.5245
8137.5385, 7426.9825
8137.8386, 7426.9814
8138.1388, 7426.9804
8138.1385, 7429.4394
8138.4386, 7429.4384
8138.7387, 7429.4374
8138.7384, 7431.8963
8139.0385, 7431.8954
8139.3387, 7431.8942
8139.6388, 7431.8933
8139.9388, 7431.8923
8140.2389, 7431.8913
8140.5392, 7431.8902
8140.8393, 7431.8892
8141.1394, 7431.8881
8141.4398, 7429.4281
8141.74, 7429.4271
8142.0401, 7429.4261
8142.3405, 7426.9661
8142.6406, 7426.9649
8142.9407, 7426.964
8143.2409, 7426.963
8143.541, 7426.962
8143.8411, 7426.9609
8144.1413, 7426.9599
8144.4414, 7426.9588
8144.7415, 7426.9578
8145.0416, 7426.9567
8145.3418, 7426.9558
8145.6419, 7426.9548
8145.942, 7426.9537
8146.2421, 7426.9527
8146.542, 7429.4107
8146.842, 7429.4097
8147.1421, 7429.4087
8147.442, 7431.8667
8147.7422, 7431.8656
8148.0423, 7431.8646
8148.042, 7434.3235
8148.3421, 7434.3226
8148.6421, 7434.3216
8148.9424, 7434.3206
8149.2425, 7434.3195
8149.5426, 7434.3185
8149.8427, 7434.3175
8150.1429, 7434.3165
8150.443, 7434.3154
8150.7431, 7434.3144
8151.0432, 7434.3134
8151.3437, 7431.8533
8151.6438, 7431.8523
8151.9439, 7431.8513
8152.2443, 7429.3912
8152.5445, 7429.3902
8152.8446, 7429.3892
8153.1447, 7429.3881
8153.4447, 7429.3871
8153.7452, 7426.9271
8154.0454, 7426.9261
8154.3455, 7426.925
8154.6457, 7426.924
8154.9458, 7426.923
8155.2459, 7426.922
8155.546, 7426.9209
8155.8458, 7429.3789
8156.146, 7429.3779
8156.4461, 7429.3769
8156.7462, 7429.3759
8157.046, 7431.8338
8157.3462, 7431.8328
8157.6463, 7431.8317
8157.9464, 7431.8308
8158.2462, 7434.2888
8158.5464, 7434.2878
8158.5461, 7436.7468
8158.8462, 7436.7457
8159.1463, 7436.7447
8159.4464, 7436.7437
8159.7466, 7436.7427
8160.0467, 7436.7416
8160.3468, 7436.7406
8160.6469, 7436.7396
8160.9474, 7434.2796
8161.2475, 7434.2785
8161.5476, 7434.2775
8161.8479, 7431.8175
8162.1482, 7431.8164
8162.4483, 7431.8154
8162.7484, 7431.8144
8162.7487, 7429.3554
8163.0489, 7429.3543
8163.349, 7429.3533
8163.6491, 7429.3523
8163.9492, 7429.3513
8164.2494, 7429.3502
8164.5495, 7429.3492
8164.8496, 7429.3482
8165.1497, 7429.3472
8165.4499, 7429.3461
8165.75, 7429.3451
8166.0501, 7429.3441
8166.3502, 7429.3431
8166.6503, 7429.342
8166.9505, 7429.341
8167.2503, 7431.799
8167.5504, 7431.798
8167.8505, 7431.797
8168.1504, 7434.255
8168.4505, 7434.2539
8168.7506, 7434.2529
8169.0507, 7434.2519
8169.3509, 7434.2509
8169.651, 7434.2498
8169.951, 7434.2488
8170.2511, 7434.2478
8170.5514, 7434.2468
8170.8515, 7434.2457
8171.1516, 7434.2447
8171.452, 7431.7847
8171.7522, 7431.7835
8172.0523, 7431.7826
8172.3527, 7429.3226
8172.6529, 7429.3215
8172.9529, 7429.3205
8173.253, 7429.3195
8173.2534, 7426.8605
8173.5535, 7426.8594
8173.8537, 7426.8584
8174.1538, 7426.8574
8174.4539, 7426.8564
8174.754, 7426.8553
8175.0542, 7426.8542
8175.354, 7429.3123
8175.6541, 7429.3113
8175.9542, 7429.3103
8176.2544, 7429.3092
8176.5545, 7429.3082
8176.8542, 7431.7662
8177.1544, 7431.7652
8177.1541, 7434.2242
8177.4542, 7434.2232
8177.7544, 7434.2222
8178.0545, 7434.2211
8178.3546, 7434.2201
8178.6547, 7434.2191
8178.9548, 7434.2181
8179.255, 7434.217
8179.5551, 7434.216
8179.8552, 7434.215
8180.1557, 7431.7549
8180.4558, 7431.7539
8180.7559, 7431.7529
8181.0561, 7431.7519
8181.3565, 7429.2918
8181.6566, 7429.2908
8181.6569, 7426.8317
8181.9569, 7426.8307
8182.2572, 7426.8296
8182.5573, 7426.8287
8182.8574, 7426.8277
8182.8577, 7424.3687
8183.1579, 7424.3676
8183.458, 7424.3666
8183.7581, 7424.3656
8184.0582, 7424.3646
8184.3584, 7424.3635
8184.6585, 7424.3625
8184.9583, 7426.8205
8185.2584, 7426.8195
8185.5585, 7426.8184
8185.8587, 7426.8174
8186.1588, 7426.8164
8186.4588, 7426.8154
8186.759, 7426.8143
8187.0589, 7429.2723
8187.359, 7429.2713
8187.6588, 7431.7292
8187.9588, 7431.7283
8188.2591, 7431.7273
8188.5592, 7431.7262
8188.8593, 7431.7252
8189.1591, 7434.1832
8189.4593, 7434.1822
8189.7591, 7436.6402
8190.0589, 7439.0982
8190.359, 7439.0971
