#DataThief C:\Users\Andy.DESKTOP-CFRG05F\OneDrive - California Institute of Technology\Documents\Research\Kornfield\EXPERIMENTS\Italy\data\datathief\20190725_0801_1k3f_60c\20190730_1550_1k3f_6300kPa_60c_p.PNG Friday 2-Aug-2019 7:26:10 PM
6830.5306, 5491.4022
6830.8474, 5491.4007
6831.1642, 5491.3993
6831.4809, 5491.3978
6831.7978, 5491.3963
6832.1146, 5491.3949
6832.4314, 5491.3934
6832.7482, 5491.3919
6833.065, 5491.3904
6833.3818, 5491.389
6833.6985, 5491.3875
6834.0154, 5491.386
6834.3322, 5491.3846
6834.649, 5491.3831
6834.9658, 5491.3816
6835.2826, 5491.3801
6835.5994, 5491.3787
6835.9162, 5491.3772
6836.233, 5491.3758
6836.5497, 5491.3743
6836.8666, 5491.3728
6837.1834, 5491.3713
6837.5005, 5487.8453
6837.8173, 5487.8437
6838.1341, 5487.8423
6838.4509, 5487.8409
6838.7677, 5487.8394
6839.0845, 5487.8378
6839.0841, 5491.3625
6839.0838, 5494.8871
6839.0835, 5498.4117
6839.0832, 5501.9363
6839.0828, 5505.4609
6839.0825, 5508.9855
6839.0822, 5512.5101
6839.3987, 5516.0332
6839.3982, 5519.5577
6839.398, 5523.0824
6839.3977, 5526.607
6839.3974, 5530.1316
6839.397, 5533.6562
6839.3967, 5537.1808
6839.3963, 5540.7053
6839.3961, 5544.2299
6839.3957, 5547.7545
6839.3954, 5551.2791
6839.3951, 5554.8037
6839.3948, 5558.3283
6839.3945, 5561.8529
6839.7109, 5565.376
6839.7106, 5568.9005
6839.7103, 5572.4252
6839.71, 5575.9498
6839.7096, 5579.4744
6839.7093, 5582.999
6839.709, 5586.5236
6839.7086, 5590.0482
6839.7083, 5593.5728
6839.708, 5597.0973
6839.7077, 5600.6219
6839.7074, 5604.1465
6839.7069, 5607.6711
6839.7067, 5611.1957
6840.0232, 5614.7187
6840.0229, 5618.2434
6840.0225, 5621.768
6840.0222, 5625.2926
6840.0219, 5628.8172
6840.0216, 5632.3418
6840.0212, 5635.8664
6840.0209, 5639.391
6840.0206, 5642.9156
6840.0203, 5646.4402
6840.0199, 5649.9647
6840.0196, 5653.4893
6840.0193, 5657.0139
6840.019, 5660.5385
6840.0186, 5664.0631
6840.0183, 5667.5877
6840.3348, 5671.1108
6840.3345, 5674.6354
6840.3341, 5678.16
6840.3338, 5681.6846
6840.3335, 5685.2092
6840.3332, 5688.7338
6840.3328, 5692.2584
6840.3325, 5695.783
6840.3322, 5699.3075
6840.3319, 5702.8322
6840.3315, 5706.3567
6840.3312, 5709.8813
6840.3309, 5713.4059
6840.3306, 5716.9304
6840.647, 5720.4536
6840.6467, 5723.9782
6840.6463, 5727.5028
6840.6461, 5731.0274
6840.6457, 5734.552
6840.6454, 5738.0766
6840.6451, 5741.6012
6840.6448, 5745.1258
6840.6444, 5748.6503
6840.6441, 5752.175
6840.6438, 5755.6996
6840.6435, 5759.2242
6840.6431, 5762.7487
6840.6428, 5766.2732
6840.9593, 5769.7965
6840.959, 5773.321
6840.9586, 5776.8456
6840.9583, 5780.3702
6840.958, 5783.8948
6840.9577, 5787.4194
6840.9573, 5790.944
6840.9569, 5794.4686
6840.9567, 5797.9931
6840.9564, 5801.5178
6840.956, 5805.0424
6840.9557, 5808.567
6840.9554, 5812.0916
6840.955, 5815.616
6841.2715, 5819.1393
6841.2711, 5822.6639
6841.2709, 5826.1885
6841.2706, 5829.713
6841.2703, 5833.2376
6841.2699, 5836.7622
6841.2696, 5840.2868
6841.2692, 5843.8114
6841.269, 5847.336
6841.2686, 5850.8606
6841.2683, 5854.3852
6841.268, 5857.9098
6841.5845, 5861.4329
6841.584, 5864.9575
6841.5838, 5868.4821
6841.5835, 5872.0067
6841.5832, 5875.5312
6841.5828, 5879.0559
6841.5825, 5882.5805
6841.5822, 5886.105
6841.5819, 5889.6296
6841.5815, 5893.1542
6841.898, 5896.6773
6841.8977, 5900.2019
6841.8974, 5903.7265
6841.897, 5907.2511
6841.8967, 5910.7757
6841.8963, 5914.3003
6841.8961, 5917.8249
6841.8957, 5921.3495
6841.8954, 5924.874
6841.8951, 5928.3987
6841.8948, 5931.9233
6841.8944, 5935.4479
6842.2109, 5938.971
6842.2106, 5942.4956
6842.2103, 5946.0202
6842.2099, 5949.5448
6842.2096, 5953.0693
6842.2093, 5956.5939
6842.209, 5960.1185
6842.2086, 5963.6431
6842.5251, 5967.1662
6842.5248, 5970.6907
6842.5245, 5974.2154
6842.5241, 5977.74
6842.5238, 5981.2646
6842.5234, 5984.7892
6842.5232, 5988.3138
6842.5228, 5991.8384
6842.5225, 5995.363
6842.5222, 5998.8876
6842.8387, 6002.4107
6842.8383, 6005.9353
6842.838, 6009.4599
6842.8377, 6012.9845
6842.8374, 6016.5091
6842.837, 6020.0337
6842.8367, 6023.5582
6842.8364, 6027.0828
6842.8361, 6030.6074
6842.8357, 6034.132
6843.1522, 6037.6551
6843.1519, 6041.1797
6843.1516, 6044.7043
6843.1512, 6048.2288
6843.1509, 6051.7534
6843.1506, 6055.2781
6843.1503, 6058.8027
6843.1499, 6062.3273
6843.4664, 6065.8504
6843.4661, 6069.375
6843.4658, 6072.8996
6843.4654, 6076.4242
6843.4651, 6079.9487
6843.4647, 6083.4734
6843.4645, 6086.998
6843.4641, 6090.5225
6843.7806, 6094.0457
6843.7803, 6097.5703
6843.78, 6101.0949
6843.7795, 6104.6194
6843.7793, 6108.144
6843.779, 6111.6686
6844.0955, 6115.1917
6844.0951, 6118.7163
6844.0948, 6122.2409
6844.0945, 6125.7654
6844.0942, 6129.2901
6844.0937, 6132.8147
6844.4102, 6136.3378
6844.41, 6139.8624
6844.4097, 6143.387
6844.4094, 6146.9116
6844.409, 6150.4362
6844.4087, 6153.9607
6844.7252, 6157.4839
6844.7248, 6161.0085
6844.7245, 6164.5331
6844.7242, 6168.0577
6845.0407, 6171.5808
6845.0404, 6175.1054
6845.04, 6178.63
6845.0397, 6182.1546
6845.3562, 6185.6777
6845.3559, 6189.2023
6845.3555, 6192.7269
6845.3552, 6196.2515
6845.3549, 6199.7761
6845.3546, 6203.3007
6845.671, 6206.8237
6845.6707, 6210.3484
6845.6703, 6213.873
6845.6701, 6217.3976
6845.9865, 6220.9207
6845.9862, 6224.4453
6845.9859, 6227.9699
6845.9856, 6231.4945
6846.302, 6235.0176
6846.3017, 6238.5422
6846.3014, 6242.0668
6846.3011, 6245.5914
6846.6175, 6249.1145
6846.6172, 6252.6391
6846.6169, 6256.1637
6846.6166, 6259.6883
6846.933, 6263.2114
6846.9327, 6266.736
6846.9324, 6270.2606
6846.9321, 6273.7852
6847.2485, 6277.3083
6847.2482, 6280.8329
6847.5647, 6284.3559
6847.5644, 6287.8806
6847.8808, 6291.4037
6848.1973, 6294.9268
6848.5141, 6294.9254
6848.8306, 6298.4485
6849.1474, 6298.447
6849.4642, 6298.4455
6849.781, 6298.4441
6850.0977, 6298.4426
6850.4146, 6298.4411
6850.7314, 6298.4397
6851.0482, 6298.4382
6851.365, 6298.4367
6851.6818, 6298.4353
6851.9986, 6298.4338
6852.3157, 6294.9077
6852.6324, 6294.9062
6852.9496, 6291.3801
6853.2664, 6291.3787
6853.5832, 6291.3773
6853.9, 6291.3758
6854.2168, 6291.3743
6854.5335, 6291.3728
6854.8504, 6291.3714
6855.1672, 6291.3699
6855.484, 6291.3684
6855.8008, 6291.367
6856.1179, 6287.8409
6856.4346, 6287.8394
6856.7515, 6287.838
6857.0683, 6287.8365
6857.3851, 6287.835
6857.7019, 6287.8336
6858.019, 6284.3075
6858.3357, 6284.306
6858.653, 6280.78
6858.9701, 6277.2539
6859.2872, 6273.7279
6859.604, 6273.7264
6859.9211, 6270.2003
6860.2383, 6266.6743
6860.5551, 6266.6728
6860.8721, 6263.1467
6861.189, 6263.1453
6861.5061, 6259.6192
6861.8229, 6259.6177
6862.14, 6256.0917
6862.4567, 6256.0902
6862.7736, 6256.0887
6863.0904, 6256.0873
6863.4075, 6252.5612
6863.7243, 6252.5596
6864.0411, 6252.5583
6864.3578, 6252.5568
6864.6747, 6252.5553
6864.9915, 6252.5539
6865.308, 6256.077
6865.6248, 6256.0755
6865.9416, 6256.074
6866.2584, 6256.0726
6866.5752, 6256.0711
6866.892, 6256.0695
6867.2085, 6259.5928
6867.5253, 6259.5913
6867.842, 6259.5897
6868.1589, 6259.5883
6868.4753, 6263.1115
6868.7921, 6263.11
6869.1089, 6263.1085
6869.4257, 6263.1071
6869.7422, 6266.6301
6870.059, 6266.6287
6870.3755, 6270.1518
6870.6923, 6270.1504
6871.0091, 6270.1489
6871.3259, 6270.1474
6871.6427, 6270.146
6871.9595, 6270.1445
6872.2766, 6266.6183
6872.5934, 6266.617
6872.9104, 6263.0909
6873.2273, 6263.0894
6873.5441, 6263.088
6873.8609, 6263.0865
6874.1781, 6259.5604
6874.4948, 6259.559
6874.8115, 6259.5575
6875.1284, 6259.556
6875.4452, 6259.5546
6875.762, 6259.5531
6876.0788, 6259.5516
6876.3956, 6259.5501
6876.7124, 6259.5487
6877.0292, 6259.5472
6877.346, 6259.5457
6877.6627, 6259.5443
6877.9796, 6259.5428
6878.2964, 6259.5413
6878.6132, 6259.5399
6878.93, 6259.5384
6879.2468, 6259.5369
6879.5636, 6259.5354
6879.8803, 6259.534
6880.1972, 6259.5325
6880.5137, 6263.0556
6880.8305, 6263.0542
6881.1473, 6263.0527
6881.4641, 6263.0512
6881.7806, 6266.5744
6882.0974, 6266.5729
6882.4142, 6266.5714
6882.7309, 6266.5699
6883.0478, 6266.5685
6883.3646, 6266.567
6883.6814, 6266.5655
6883.9982, 6266.5641
6884.315, 6266.5626
6884.6318, 6266.5611
6884.9485, 6266.5596
6885.2654, 6266.5582
6885.5825, 6263.0321
6885.8993, 6263.0307
6886.2161, 6263.0292
6886.5329, 6263.0277
6886.85, 6259.5017
6887.1668, 6259.5002
6887.4836, 6259.4987
6887.8004, 6259.4973
6888.1175, 6255.9712
6888.4343, 6255.9697
6888.7511, 6255.9683
6889.0679, 6255.9668
6889.3847, 6255.9653
6889.7015, 6255.9639
6890.0183, 6255.9624
6890.3351, 6255.9609
6890.6522, 6252.4349
6890.9689, 6252.4334
6891.2858, 6252.4319
6891.6026, 6252.4304
6891.9191, 6255.9536
6892.2359, 6255.9521
6892.5527, 6255.9506
6892.8695, 6255.9492
6893.1863, 6255.9477
6893.503, 6255.9462
6893.8199, 6255.9447
6894.1367, 6255.9433
6894.4532, 6259.4664
6894.77, 6259.4649
6895.0868, 6259.4635
6895.4036, 6259.462
6895.72, 6262.9851
6896.0368, 6262.9837
6896.3536, 6262.9822
6896.6703, 6262.9807
6896.9872, 6262.9792
6897.304, 6262.9778
6897.6208, 6262.9763
6897.9376, 6262.9748
6898.2544, 6262.9734
6898.5712, 6262.9719
6898.8883, 6259.4458
6899.2052, 6259.4444
6899.5223, 6255.9183
6899.8391, 6255.9167
6900.1559, 6255.9154
6900.4727, 6255.9139
6900.7898, 6252.3878
6901.1066, 6252.3864
6901.4234, 6252.3849
6901.7402, 6252.3834
6902.057, 6252.382
6902.3738, 6252.3805
6902.6909, 6248.8544
6903.0077, 6248.853
6903.3245, 6248.8515
6903.6413, 6248.85
6903.9581, 6248.8486
6904.2749, 6248.8471
6904.5917, 6248.8456
6904.9085, 6248.8441
6905.2253, 6248.8427
6905.5421, 6248.8412
6905.8589, 6248.8397
6906.1757, 6248.8383
6906.4922, 6252.3614
6906.809, 6252.3599
6907.1258, 6252.3585
6907.4426, 6252.357
6907.7593, 6252.3555
6908.0762, 6252.354
6908.3926, 6255.8772
6908.7094, 6255.8757
6909.0259, 6259.3988
6909.3427, 6259.3974
6909.6595, 6259.3959
6909.9763, 6259.3944
6910.2931, 6259.3929
6910.6099, 6259.3915
6910.9266, 6259.39
6911.2435, 6259.3885
6911.5603, 6259.3871
6911.8771, 6259.3856
6912.1942, 6255.8595
6912.511, 6255.858
6912.8282, 6252.332
6913.145, 6252.3305
6913.4618, 6252.3291
6913.7786, 6252.3276
6914.0957, 6248.8014
6914.4125, 6248.8001
6914.7296, 6245.274
6915.0464, 6245.2725
6915.3632, 6245.2711
6915.68, 6245.2696
6915.9971, 6241.7435
6916.3139, 6241.7421
6916.6307, 6241.7406
6916.9475, 6241.7391
6917.2643, 6241.7377
6917.5811, 6241.7362
6917.8979, 6241.7347
6918.2147, 6241.7332
6918.5314, 6241.7318
6918.8483, 6241.7303
6919.1651, 6241.7288
6919.4819, 6241.7274
6919.7987, 6241.7259
6920.1155, 6241.7244
6920.432, 6245.2476
6920.7488, 6245.2461
6921.0656, 6245.2446
6921.3824, 6245.2432
6921.6992, 6245.2417
6922.016, 6245.2402
6922.3324, 6248.7633
6922.6492, 6248.7619
6922.966, 6248.7604
6923.2828, 6248.7589
6923.5993, 6252.2821
6923.9161, 6252.2806
6924.2328, 6252.2791
6924.5497, 6252.2776
6924.8665, 6252.2762
6925.1833, 6252.2747
6925.5001, 6252.2732
6925.8169, 6252.2718
6926.1337, 6252.2703
6926.4505, 6252.2688
6926.7675, 6248.7428
6927.0844, 6248.7412
6927.4012, 6248.7398
6927.718, 6248.7384
6928.0351, 6245.2123
6928.3519, 6245.2107
6928.6686, 6245.2094
6928.9855, 6245.2079
6929.3023, 6245.2064
6929.6191, 6245.205
6929.9359, 6245.2035
6930.2527, 6245.202
6930.5695, 6245.2006
6930.8862, 6245.1991
6931.2031, 6245.1976
6931.5199, 6245.1961
6931.8367, 6245.1947
6932.1535, 6245.1932
6932.4703, 6245.1917
6932.7871, 6245.1903
6933.1039, 6245.1888
6933.4207, 6245.1873
6933.7375, 6245.1859
6934.0543, 6245.1844
6934.3711, 6245.1829
6934.6879, 6245.1815
6935.0047, 6245.18
6935.3215, 6245.1785
6935.6383, 6245.177
6935.955, 6245.1756
6936.2719, 6245.1741
6936.5887, 6245.1726
6936.9055, 6245.1712
6937.2223, 6245.1697
6937.5391, 6245.1682
6937.8559, 6245.1668
6938.1727, 6245.1653
6938.4895, 6245.1638
6938.8066, 6241.6378
6939.1234, 6241.6362
6939.4402, 6241.6348
6939.757, 6241.6334
6940.0741, 6238.1073
6940.3909, 6238.1058
6940.7077, 6238.1044
6941.0245, 6238.1029
6941.3413, 6238.1014
6941.6581, 6238.0999
6941.9748, 6238.0985
6942.2917, 6238.097
6942.6089, 6234.5709
6942.9257, 6234.5695
6943.2425, 6234.568
6943.5593, 6234.5665
6943.8761, 6234.5651
6944.1929, 6234.5636
6944.5097, 6234.5621
6944.8265, 6234.5607
6945.1433, 6234.5592
6945.4601, 6234.5577
6945.7769, 6234.5563
6946.0937, 6234.5548
6946.4104, 6234.5533
6946.7271, 6234.5518
6947.044, 6234.5504
6947.3608, 6234.5489
6947.6773, 6238.072
6947.9941, 6238.0706
6948.3109, 6238.0691
6948.6277, 6238.0676
6948.9447, 6234.5415
6949.2616, 6234.5401
6949.5784, 6234.5386
6949.8952, 6234.5372
6950.2124, 6231.0111
6950.5292, 6231.0096
6950.846, 6231.0082
6951.1628, 6231.0067
6951.4799, 6227.4806
6951.7967, 6227.4792
6952.1135, 6227.4777
6952.4303, 6227.4762
6952.7471, 6227.4747
6953.0639, 6227.4733
6953.3807, 6227.4718
6953.6975, 6227.4703
6954.0146, 6223.9443
6954.3314, 6223.9428
6954.6482, 6223.9413
6954.9649, 6223.9399
6955.2818, 6223.9384
6955.5986, 6223.9369
6955.9154, 6223.9355
6956.2322, 6223.934
6956.549, 6223.9325
6956.8658, 6223.9311
6957.1826, 6223.9296
6957.4994, 6223.9281
6957.8162, 6223.9266
6958.133, 6223.9252
6958.4498, 6223.9237
6958.7666, 6223.9222
6959.0834, 6223.9207
6959.4002, 6223.9193
6959.717, 6223.9178
6960.0338, 6223.9163
6960.3506, 6223.9149
6960.6674, 6223.9134
6960.9842, 6223.912
6961.301, 6223.9104
6961.6178, 6223.909
6961.9346, 6223.9076
6962.2517, 6220.3815
6962.5685, 6220.38
6962.8853, 6220.3786
6963.2021, 6220.3771
6963.5189, 6220.3756
6963.8357, 6220.374
6964.1525, 6220.3727
6964.4693, 6220.3712
6964.7861, 6220.3697
6965.1029, 6220.3683
6965.4197, 6220.3668
6965.7365, 6220.3653
6966.0536, 6216.8393
6966.3704, 6216.8378
6966.6872, 6216.8363
6967.004, 6216.8349
6967.3208, 6216.8334
6967.6376, 6216.8319
6967.9544, 6216.8305
6968.2711, 6216.829
6968.588, 6216.8275
6968.9048, 6216.826
6969.2216, 6216.8246
6969.5384, 6216.8231
6969.8552, 6216.8216
6970.172, 6216.8202
6970.4888, 6216.8187
6970.8056, 6216.8172
6971.1224, 6216.8157
6971.4392, 6216.8143
6971.7557, 6220.3374
6972.0725, 6220.3359
6972.3892, 6220.3345
6972.706, 6220.333
6973.0228, 6220.3315
6973.3396, 6220.3301
6973.6564, 6220.3286
6973.9731, 6220.3271
6974.29, 6220.3256
6974.6068, 6220.3242
6974.924, 6216.7981
6975.2408, 6216.7967
6975.5575, 6216.7952
6975.8744, 6216.7936
6976.1912, 6216.7923
6976.508, 6216.7908
6976.8248, 6216.7893
6977.1416, 6216.7877
6977.4584, 6216.7864
6977.7752, 6216.7849
6978.092, 6216.7833
6978.4088, 6216.782
6978.7256, 6216.7805
6979.0423, 6216.779
6979.3591, 6216.7776
6979.6759, 6216.7761
6979.9927, 6216.7746
6980.3094, 6216.7732
6980.6263, 6216.7717
6980.9431, 6216.7702
6981.2599, 6216.7687
6981.5767, 6216.7673
6981.8935, 6216.7658
6982.2103, 6216.7643
6982.5271, 6216.7629
6982.8439, 6216.7614
6983.1607, 6216.7599
6983.4775, 6216.7585
6983.7943, 6216.757
6984.1111, 6216.7555
6984.4279, 6216.7541
6984.7447, 6216.7526
6985.0615, 6216.7511
6985.3783, 6216.7496
6985.6951, 6216.7482
6986.0119, 6216.7467
6986.3287, 6216.7452
6986.6455, 6216.7438
6986.9623, 6216.7423
6987.2791, 6216.7408
6987.5958, 6216.7393
6987.9127, 6216.7379
6988.2295, 6216.7364
6988.5463, 6216.7349
6988.8631, 6216.7335
6989.1799, 6216.732
6989.4967, 6216.7305
6989.8135, 6216.729
6990.1303, 6216.7276
6990.4471, 6216.7261
6990.7639, 6216.7247
6991.0807, 6216.7231
6991.3975, 6216.7217
6991.7143, 6216.7203
6992.0311, 6216.7187
6992.3479, 6216.7173
6992.6646, 6216.7159
6992.9815, 6216.7144
6993.2983, 6216.7128
6993.6151, 6216.7114
6993.9319, 6216.71
6994.2487, 6216.7085
6994.5655, 6216.7069
6994.8822, 6216.7056
6995.1991, 6216.7041
6995.5159, 6216.7026
6995.8327, 6216.7012
6996.1495, 6216.6997
6996.4663, 6216.6982
6996.7831, 6216.6968
6997.0999, 6216.6953
6997.4167, 6216.6938
6997.7335, 6216.6923
6998.0503, 6216.6909
6998.3671, 6216.6894
6998.6839, 6216.6879
6999.0007, 6216.6865
6999.3175, 6216.685
6999.6343, 6216.6835
6999.951, 6216.6821
7000.2679, 6216.6806
7000.5847, 6216.6791
7000.9015, 6216.6777
7001.2183, 6216.6762
7001.5351, 6216.6747
7001.8519, 6216.6732
7002.1687, 6216.6718
7002.4855, 6216.6703
7002.8023, 6216.6688
7003.1191, 6216.6674
7003.4359, 6216.6659
7003.7527, 6216.6644
7004.0695, 6216.663
7004.3862, 6216.6615
7004.7031, 6216.66
7005.0199, 6216.6585
7005.3366, 6216.6571
7005.6534, 6216.6556
7005.9706, 6213.1296
7006.2873, 6213.128
7006.6042, 6213.1266
7006.921, 6213.1252
7007.2378, 6213.1237
7007.5546, 6213.1222
7007.8714, 6213.1207
7008.1882, 6213.1193
7008.505, 6213.1178
7008.8218, 6213.1163
7009.1386, 6213.1149
7009.4554, 6213.1134
7009.7722, 6213.1118
7010.089, 6213.1105
7010.4058, 6213.109
7010.7226, 6213.1075
7011.0394, 6213.1061
7011.3562, 6213.1046
7011.673, 6213.1031
7011.9897, 6213.1016
7012.3065, 6213.1002
7012.6233, 6213.0987
7012.9398, 6216.6218
7013.2566, 6216.6204
7013.5734, 6216.6189
7013.8902, 6216.6174
7014.207, 6216.616
7014.5238, 6216.6145
7014.8406, 6216.613
7015.1574, 6216.6115
7015.4742, 6216.6101
7015.791, 6216.6086
7016.1081, 6213.0825
