#DataThief C:\Users\Andy.DESKTOP-CFRG05F\OneDrive - California Institute of Technology\Documents\Research\Kornfield\EXPERIMENTS\Italy\data\datathief\20190725_0801_1k3f_60c\20190730_1550_1k3f_6300kPa_60c_T.PNG Friday 2-Aug-2019 7:26:51 PM
6830.2335, 59.8504
6830.5503, 59.8504
6830.8671, 59.8504
6831.1839, 59.8504
6831.5007, 59.8504
6831.8175, 59.8504
6832.1343, 59.8504
6832.4511, 59.8504
6832.7679, 59.8504
6833.0847, 59.8504
6833.4015, 59.8504
6833.7183, 59.8504
6834.0351, 59.8504
6834.3519, 59.8504
6834.6686, 59.8502
6834.9855, 59.8502
6835.3026, 59.842
6835.6194, 59.842
6835.9362, 59.842
6836.253, 59.842
6836.5697, 59.842
6836.8866, 59.842
6837.2037, 59.8338
6837.5205, 59.8338
6837.8373, 59.8338
6838.1541, 59.8338
6838.4713, 59.8256
6838.7881, 59.8256
6839.1049, 59.8256
6839.1052, 59.8175
6839.1055, 59.8093
6839.1052, 59.8175
6839.1049, 59.8256
6839.1045, 59.8338
6839.1042, 59.842
6839.1039, 59.8502
6839.1036, 59.8585
6839.1032, 59.8667
6839.1029, 59.8749
6839.4194, 59.8831
6839.4191, 59.8913
6839.4187, 59.8995
6839.4184, 59.9077
6839.4181, 59.9159
6839.4178, 59.9241
6839.4174, 59.9323
6839.4171, 59.9405
6839.4168, 59.9487
6839.4165, 59.9569
6839.4161, 59.9651
6839.4158, 59.9731
6839.4155, 59.9814
6839.4152, 59.9896
6839.7316, 59.9978
6839.7313, 60.006
6839.7309, 60.0142
6839.7307, 60.0224
6839.7303, 60.0306
6839.73, 60.0388
6839.7297, 60.047
6839.7294, 60.0552
6839.729, 60.0634
6839.7287, 60.0716
6839.7284, 60.0798
6839.7281, 60.088
6840.0445, 60.0962
6840.0442, 60.1044
6840.0439, 60.1126
6840.0436, 60.1208
6840.0432, 60.129
6840.0429, 60.1372
6840.0426, 60.1454
6840.0423, 60.1536
6840.3587, 60.1618
6840.3584, 60.17
6840.358, 60.1782
6840.3578, 60.1864
6840.6742, 60.1945
6840.9907, 60.2027
6841.3075, 60.2027
6841.3078, 60.1945
6841.3082, 60.1863
6841.3078, 60.1945
6841.3082, 60.1863
6841.6253, 60.1781
6841.9424, 60.1699
6842.2595, 60.1617
6842.5763, 60.1617
6842.8935, 60.1535
6842.8938, 60.1453
6843.2109, 60.1371
6843.2112, 60.1289
6843.5284, 60.1207
6843.5287, 60.1125
6843.8458, 60.1043
6843.846, 60.0962
6844.1633, 60.088
6844.1636, 60.0798
6844.4807, 60.0716
6844.7974, 60.0716
6845.1146, 60.0634
6845.4314, 60.0633
6845.7485, 60.0551
6846.0653, 60.0551
6846.3825, 60.0469
6846.6993, 60.0469
6847.0164, 60.0387
6847.0167, 60.0305
6847.3338, 60.0223
6847.3342, 60.0141
6847.6513, 60.0059
6847.6516, 59.9977
6847.9687, 59.9895
6847.9691, 59.9814
6848.2862, 59.9731
6848.2865, 59.9649
6848.2868, 59.9567
6848.2872, 59.9485
6848.6042, 59.9404
6848.6046, 59.9322
6848.9217, 59.924
6848.9221, 59.9158
6849.2392, 59.9076
6849.2395, 59.8994
6849.5566, 59.8912
6849.5569, 59.883
6849.874, 59.8748
6849.8744, 59.8666
6849.8747, 59.8584
6849.875, 59.8502
6850.1922, 59.842
6850.1925, 59.8338
6850.5096, 59.8256
6850.8264, 59.8256
6851.1432, 59.8256
6851.46, 59.8256
6851.7765, 59.8338
6852.0933, 59.8338
6852.4101, 59.8338
6852.7269, 59.8338
6853.044, 59.8256
6853.3608, 59.8256
6853.6776, 59.8256
6853.9947, 59.8174
6854.3115, 59.8173
6854.6282, 59.8173
6854.9451, 59.8173
6855.2619, 59.8173
6855.579, 59.8091
6855.8958, 59.8091
6856.2126, 59.8091
6856.5293, 59.8091
6856.8466, 59.8009
6857.1634, 59.8009
6857.4805, 59.7927
6857.7976, 59.7845
6858.1144, 59.7845
6858.4315, 59.7763
6858.4319, 59.7681
6858.749, 59.7599
6859.0658, 59.7599
6859.3829, 59.7517
6859.6997, 59.7517
6860.0168, 59.7435
6860.3336, 59.7435
6860.6507, 59.7353
6860.9675, 59.7353
6861.2843, 59.7353
6861.6011, 59.7353
6861.9179, 59.7353
6862.2347, 59.7353
6862.5514, 59.7353
6862.8683, 59.7353
6863.1851, 59.7353
6863.5019, 59.7353
6863.8187, 59.7353
6864.1355, 59.7353
6864.452, 59.7435
6864.7688, 59.7435
6865.0856, 59.7435
6865.4024, 59.7435
6865.7191, 59.7435
6866.036, 59.7435
6866.3528, 59.7433
6866.6696, 59.7433
6866.9864, 59.7433
6867.3032, 59.7433
6867.6197, 59.7516
6867.9365, 59.7516
6868.2533, 59.7516
6868.5701, 59.7516
6868.8869, 59.7516
6869.2037, 59.7516
6869.5205, 59.7516
6869.8373, 59.7516
6870.1541, 59.7516
6870.4708, 59.7516
6870.7877, 59.7516
6871.1045, 59.7516
6871.4216, 59.7433
6871.7384, 59.7433
6872.0552, 59.7433
6872.3719, 59.7433
6872.6891, 59.7351
6873.0059, 59.7351
6873.0062, 59.7269
6873.3233, 59.7187
6873.6401, 59.7187
6873.9569, 59.7187
6874.2737, 59.7187
6874.5905, 59.7187
6874.9073, 59.7187
6875.2241, 59.7187
6875.5409, 59.7187
6875.8574, 59.7269
6876.1742, 59.7269
6876.491, 59.7269
6876.8077, 59.7269
6877.1246, 59.7269
6877.4411, 59.7351
6877.7579, 59.7351
6878.0747, 59.7351
6878.3915, 59.7351
6878.7083, 59.7351
6879.0251, 59.7351
6879.3416, 59.7433
6879.6583, 59.7433
6879.9752, 59.7433
6880.2919, 59.7433
6880.6087, 59.7433
6880.9255, 59.7433
6881.242, 59.7515
6881.5588, 59.7515
6881.8756, 59.7515
6882.1924, 59.7515
6882.5089, 59.7597
6882.8256, 59.7597
6883.1425, 59.7597
6883.4593, 59.7597
6883.7761, 59.7597
6884.0929, 59.7597
6884.41, 59.7515
6884.7268, 59.7513
6885.0436, 59.7513
6885.3604, 59.7513
6885.6775, 59.7431
6885.9943, 59.7431
6886.3111, 59.7431
6886.6279, 59.7431
6886.9447, 59.7431
6887.2615, 59.7431
6887.5783, 59.7431
6887.8951, 59.7431
6888.2122, 59.7349
6888.529, 59.7349
6888.8458, 59.7349
6889.1626, 59.7349
6889.4794, 59.7349
6889.7962, 59.7349
6890.1127, 59.7431
6890.4295, 59.7431
6890.7463, 59.7431
6891.0631, 59.7431
6891.3799, 59.7431
6891.6966, 59.7431
6892.0132, 59.7513
6892.33, 59.7513
6892.6468, 59.7513
6892.9636, 59.7513
6893.2804, 59.7513
6893.5972, 59.7513
6893.9136, 59.7595
6894.2304, 59.7595
6894.5472, 59.7595
6894.8637, 59.7677
6895.1804, 59.7677
6895.4969, 59.7759
6895.8138, 59.7759
6896.1306, 59.7759
6896.4474, 59.7759
6896.7642, 59.7759
6897.081, 59.7759
6897.3978, 59.7759
6897.7146, 59.7759
6898.0314, 59.7759
6898.3485, 59.7677
6898.6653, 59.7677
6898.9824, 59.7595
6899.2992, 59.7595
6899.6164, 59.7513
6899.9332, 59.7513
6900.2499, 59.7513
6900.5667, 59.7513
6900.8835, 59.7513
6901.2003, 59.7513
6901.5171, 59.7513
6901.8338, 59.7513
6902.1507, 59.7513
6902.4675, 59.7513
6902.7843, 59.7513
6903.1011, 59.7511
6903.4179, 59.7511
6903.7347, 59.7511
6904.0515, 59.7511
6904.3683, 59.7511
6904.6851, 59.7511
6905.0019, 59.7511
6905.3187, 59.7511
6905.6355, 59.7511
6905.9523, 59.7511
6906.2691, 59.7511
6906.5856, 59.7593
6906.9024, 59.7593
6907.2192, 59.7593
6907.5356, 59.7675
6907.8525, 59.7675
6908.1693, 59.7675
6908.4857, 59.7758
6908.8025, 59.7758
6909.1193, 59.7758
6909.4361, 59.7758
6909.7529, 59.7758
6910.0697, 59.7758
6910.3865, 59.7758
6910.7033, 59.7758
6911.0201, 59.7758
6911.3369, 59.7758
6911.6541, 59.7675
6911.9712, 59.7593
6912.288, 59.7593
6912.6051, 59.7511
6912.9219, 59.7511
6913.2387, 59.7511
6913.5554, 59.7511
6913.8726, 59.7429
6914.1894, 59.7429
6914.5062, 59.7429
6914.823, 59.7429
6915.1398, 59.7429
6915.4566, 59.7429
6915.7734, 59.7429
6916.0902, 59.7429
6916.407, 59.7429
6916.7238, 59.7429
6917.0406, 59.7429
6917.3574, 59.7429
6917.6742, 59.7429
6917.991, 59.7429
6918.3075, 59.7511
6918.6242, 59.7511
6918.9411, 59.7511
6919.2579, 59.7511
6919.5747, 59.7511
6919.8915, 59.7511
6920.2083, 59.7511
6920.5251, 59.7511
6920.8418, 59.7511
6921.1587, 59.7511
6921.4751, 59.7591
6921.7919, 59.7591
6922.1084, 59.7673
6922.4252, 59.7673
6922.7417, 59.7755
6923.0585, 59.7755
6923.3753, 59.7755
6923.6921, 59.7755
6924.0089, 59.7755
6924.3256, 59.7755
6924.6421, 59.7838
6924.959, 59.7838
6925.2758, 59.7838
6925.5926, 59.7838
6925.9094, 59.7838
6926.2265, 59.7755
6926.5433, 59.7755
6926.5436, 59.7673
6926.8604, 59.7673
6927.1772, 59.7673
6927.4943, 59.7591
6927.8111, 59.7591
6928.1279, 59.7591
6928.4447, 59.7591
6928.7614, 59.7591
6929.0783, 59.7591
6929.3948, 59.7673
6929.7116, 59.7673
6930.0281, 59.7755
6930.3449, 59.7755
6930.6617, 59.7755
6930.9785, 59.7755
6931.2953, 59.7755
6931.612, 59.7755
6931.9285, 59.7837
6932.2453, 59.7837
6932.5621, 59.7837
6932.8789, 59.7837
6933.1957, 59.7837
6933.5125, 59.7837
6933.829, 59.7919
6934.1458, 59.7919
6934.4626, 59.7919
6934.7793, 59.7919
6935.0962, 59.7919
6935.413, 59.7919
6935.7295, 59.8001
6936.0463, 59.8001
6936.3631, 59.8001
6936.6799, 59.8001
6936.9967, 59.8001
6937.3135, 59.8001
6937.6303, 59.8001
6937.9471, 59.8001
6938.2639, 59.8001
6938.5807, 59.8
6938.8978, 59.7917
6939.2146, 59.7917
6939.5314, 59.7917
6939.8481, 59.7917
6940.165, 59.7917
6940.4818, 59.7917
6940.7986, 59.7917
6941.1154, 59.7917
6941.4322, 59.7917
6941.749, 59.7917
6942.0654, 59.8
6942.3822, 59.8
6942.6989, 59.8
6943.0158, 59.8
6943.3326, 59.8
6943.6494, 59.8
6943.9662, 59.8
6944.283, 59.8
6944.5998, 59.8
6944.9165, 59.8
6945.2331, 59.8082
6945.5499, 59.8082
6945.8664, 59.8164
6946.1832, 59.8164
6946.4997, 59.8246
6946.8165, 59.8245
6947.1333, 59.8245
6947.45, 59.8245
6947.7668, 59.8245
6948.0836, 59.8245
6948.4003, 59.8245
6948.7172, 59.8245
6949.034, 59.8245
6949.3508, 59.8245
6949.668, 59.8163
6949.9848, 59.8163
6950.3016, 59.8163
6950.6187, 59.8081
6950.9355, 59.8081
6951.2523, 59.8081
6951.5691, 59.8081
6951.8859, 59.8081
6952.2027, 59.8081
6952.5192, 59.8163
6952.8359, 59.8163
6953.1528, 59.8163
6953.4696, 59.8163
6953.786, 59.8245
6954.1028, 59.8245
6954.4196, 59.8245
6954.7364, 59.8245
6955.0532, 59.8245
6955.37, 59.8245
6955.6867, 59.8245
6956.0036, 59.8244
6956.3204, 59.8244
6956.6372, 59.8244
6956.9537, 59.8326
6957.2705, 59.8326
6957.5873, 59.8326
6957.9041, 59.8326
6958.2209, 59.8326
6958.5377, 59.8326
6958.8542, 59.8408
6959.171, 59.8408
6959.4878, 59.8408
6959.8046, 59.8408
6960.1214, 59.8408
6960.4382, 59.8408
6960.7549, 59.8408
6961.0717, 59.8408
6961.3885, 59.8408
6961.7053, 59.8408
6962.0221, 59.8408
6962.3389, 59.8408
6962.6557, 59.8408
6962.9725, 59.8408
6963.2893, 59.8408
6963.6061, 59.8408
6963.9229, 59.8408
6964.2397, 59.8408
6964.5565, 59.8408
6964.8733, 59.8407
6965.1901, 59.8407
6965.5069, 59.8407
6965.8237, 59.8407
6966.1405, 59.8407
6966.4573, 59.8407
6966.7741, 59.8407
6967.0909, 59.8407
6967.4077, 59.8407
6967.7245, 59.8407
6968.0413, 59.8407
6968.358, 59.8407
6968.6749, 59.8407
6968.9917, 59.8407
6969.3085, 59.8407
6969.6253, 59.8407
6969.9421, 59.8407
6970.2589, 59.8407
6970.5756, 59.8407
6970.8921, 59.8489
6971.209, 59.8489
6971.5258, 59.8489
6971.8426, 59.8489
6972.1594, 59.8489
6972.4762, 59.8489
6972.793, 59.8489
6973.1098, 59.8489
6973.4266, 59.8489
6973.7433, 59.8488
6974.0602, 59.8488
6974.377, 59.8488
6974.6938, 59.8488
6975.0106, 59.8488
6975.3274, 59.8488
6975.6442, 59.8488
6975.9609, 59.8488
6976.2778, 59.8488
6976.5949, 59.8406
6976.9117, 59.8406
6977.2285, 59.8406
6977.5453, 59.8406
6977.862, 59.8406
6978.1789, 59.8406
6978.4957, 59.8406
6978.8125, 59.8406
6979.1293, 59.8406
6979.4461, 59.8406
6979.7629, 59.8406
6980.0796, 59.8406
6980.3965, 59.8406
6980.7133, 59.8406
6981.0301, 59.8406
6981.3469, 59.8406
6981.6633, 59.8488
6981.9801, 59.8488
6982.2969, 59.8488
6982.6137, 59.8488
6982.9304, 59.8487
6983.2473, 59.8487
6983.5641, 59.8487
6983.8809, 59.8487
6984.1977, 59.8487
6984.5145, 59.8487
6984.8313, 59.8487
6985.1481, 59.8487
6985.4649, 59.8487
6985.7816, 59.8487
6986.0985, 59.8487
6986.4153, 59.8487
6986.7325, 59.8405
6987.0493, 59.8405
6987.366, 59.8405
6987.6827, 59.8405
6987.9996, 59.8405
6988.3164, 59.8405
6988.6332, 59.8405
6988.95, 59.8405
6989.2668, 59.8405
6989.5836, 59.8405
6989.9003, 59.8405
6990.2172, 59.8405
6990.534, 59.8405
6990.8508, 59.8405
6991.1676, 59.8405
6991.4844, 59.8405
6991.8012, 59.8405
6992.1179, 59.8405
6992.4344, 59.8486
6992.7513, 59.8486
6993.0681, 59.8486
6993.3849, 59.8486
6993.7017, 59.8486
6994.0185, 59.8486
6994.3353, 59.8486
6994.6521, 59.8486
6994.9689, 59.8486
6995.2857, 59.8486
6995.6025, 59.8486
6995.9193, 59.8486
6996.2361, 59.8486
6996.5529, 59.8486
6996.8697, 59.8486
6997.1865, 59.8486
6997.5032, 59.8486
6997.8201, 59.8486
6998.1369, 59.8486
6998.4537, 59.8486
6998.7705, 59.8486
6999.0873, 59.8486
6999.4041, 59.8486
6999.7208, 59.8486
7000.0377, 59.8486
7000.3545, 59.8486
7000.6713, 59.8486
7000.9881, 59.8486
7001.3049, 59.8486
7001.6217, 59.8485
7001.9381, 59.8567
7002.2549, 59.8567
7002.5716, 59.8567
7002.8885, 59.8567
7003.2053, 59.8567
7003.5221, 59.8567
7003.8389, 59.8567
7004.1557, 59.8567
7004.4725, 59.8567
7004.7893, 59.8567
7005.1061, 59.8567
7005.4229, 59.8567
7005.7401, 59.8485
7006.0569, 59.8485
7006.3737, 59.8485
7006.6905, 59.8485
7007.0073, 59.8485
7007.324, 59.8485
7007.6408, 59.8485
7007.9576, 59.8485
7008.2744, 59.8485
7008.5912, 59.8485
7008.9077, 59.8567
7009.2245, 59.8567
7009.5413, 59.8567
7009.858, 59.8567
7010.1749, 59.8567
7010.4917, 59.8566
7010.8085, 59.8566
7011.1253, 59.8566
7011.4421, 59.8566
7011.7589, 59.8566
7012.0757, 59.8566
7012.3925, 59.8566
7012.7093, 59.8566
7013.0258, 59.8648
7013.3426, 59.8648
7013.6594, 59.8648
7013.9762, 59.8648
7014.293, 59.8648
7014.6098, 59.8648
7014.9266, 59.8648
7015.2434, 59.8648
7015.5602, 59.8648
7015.8773, 59.8566
7016.1941, 59.8566
7016.5109, 59.8566
7016.8277, 59.8566
7017.1445, 59.8566
