#DataThief C:\Users\Andy.DESKTOP-CFRG05F\OneDrive - California Institute of Technology\Documents\Research\Kornfield\EXPERIMENTS\Italy\data\datathief\analyzed\20190719_0913_6600kPa_p.PNG Wednesday 24-Jul-2019 12:44:44 PM
4609.7212, 6553.2854
4609.7212, 6553.6961
4609.7212, 6554.1068
4609.7212, 6554.5175
4609.7212, 6554.9281
4609.7212, 6555.3388
4609.7212, 6555.7495
4609.7212, 6556.1602
4609.7212, 6556.5708
4609.7212, 6556.9815
4609.7212, 6557.3921
4609.7212, 6557.8029
4609.7212, 6558.2136
4609.7212, 6558.6242
4609.7212, 6559.0349
4609.7212, 6559.4456
4609.7212, 6559.8563
4609.7212, 6560.2669
4609.7212, 6560.6776
4609.7212, 6561.0883
4609.7212, 6561.499
4609.7212, 6561.9097
4609.7212, 6562.3203
4609.7212, 6562.7309
4609.7212, 6563.1417
4609.7212, 6563.5524
4609.7212, 6563.963
4609.7212, 6564.3737
4609.7212, 6564.7844
4609.7212, 6565.1951
4609.7212, 6565.6057
4609.7212, 6566.0164
4609.7212, 6566.4271
4609.7212, 6566.8378
4609.7212, 6567.2485
4609.7212, 6567.6591
4609.7212, 6568.0698
4609.7212, 6568.4805
4609.7212, 6568.8912
4609.7212, 6569.3018
4609.7212, 6569.7125
4609.7212, 6570.1232
4609.7212, 6570.5339
4609.7212, 6570.9445
4609.7212, 6571.3552
4609.7212, 6571.7659
4609.7212, 6572.1766
4609.7212, 6572.5873
4609.7212, 6572.9979
4609.7212, 6573.4086
4609.7212, 6573.8193
4609.7212, 6574.23
4609.7212, 6574.6407
4609.7212, 6575.0513
4609.7212, 6575.462
4609.7212, 6575.8727
4609.7212, 6576.2833
4609.7212, 6576.694
4609.7212, 6577.1047
4609.7212, 6577.5154
4609.7212, 6577.9261
4609.7212, 6578.3368
4609.7212, 6578.7473
4609.7212, 6579.1581
4609.7212, 6579.5688
4609.7212, 6579.9795
4609.7212, 6580.3901
4609.7212, 6580.8008
4609.7212, 6581.2115
4609.7212, 6581.6221
4609.7212, 6582.0329
4609.7212, 6582.4435
4609.7212, 6582.8542
4609.7212, 6583.2649
4609.7212, 6583.6756
4609.7212, 6584.0862
4609.7212, 6584.4969
4609.7212, 6584.9076
4609.7212, 6585.3183
4609.7212, 6585.729
4609.7212, 6586.1396
4609.7212, 6586.5503
4609.7212, 6586.9609
4609.7212, 6587.3717
4609.7212, 6587.7823
4609.7212, 6588.193
4609.7212, 6588.6037
4609.7212, 6589.0144
4609.7212, 6589.4251
4609.7212, 6589.8357
4609.7212, 6590.2464
4609.7212, 6590.6571
4609.7212, 6591.0678
4609.7212, 6591.4784
4609.7212, 6591.8891
4609.7212, 6592.2998
4609.7212, 6592.7105
4609.7212, 6593.1211
4609.7212, 6593.5318
4609.7212, 6593.9425
4609.7212, 6594.3532
4609.7212, 6594.7639
4609.7212, 6595.1745
4609.7212, 6595.5852
4609.7212, 6595.9959
4609.7212, 6596.4066
4609.7212, 6596.8172
4609.7212, 6597.2279
4609.7212, 6597.6385
4609.7212, 6598.0493
4609.7212, 6598.46
4609.7212, 6598.8706
4609.7212, 6599.2812
4609.7212, 6599.692
4609.7212, 6600.1027
4609.7212, 6600.5133
4609.7212, 6600.924
4609.7212, 6601.3347
4609.7212, 6601.7454
4609.7212, 6602.1561
4609.7212, 6602.5667
4609.7212, 6602.9774
4609.7212, 6603.3881
4609.7212, 6603.7988
4609.7212, 6604.2094
4609.7212, 6604.62
4609.7212, 6605.0308
4609.7212, 6605.4415
4609.7212, 6605.8521
4609.7212, 6606.2628
4609.7212, 6606.6735
4609.7212, 6607.0842
4609.7212, 6607.4949
4609.7212, 6607.9055
4609.7212, 6608.3162
4609.7212, 6608.7269
4609.7212, 6609.1376
4609.7212, 6609.5483
4609.7212, 6609.9588
4609.7212, 6610.3696
4609.7212, 6610.7803
4609.7212, 6611.191
4609.7212, 6611.6016
4609.7212, 6612.0123
4609.7212, 6612.423
4609.7212, 6612.8336
4609.7212, 6613.2444
4609.7212, 6613.655
4609.7212, 6614.0657
4609.7212, 6614.4764
4609.7212, 6614.8871
4609.7212, 6615.2977
4609.7212, 6615.7084
4609.7212, 6616.1191
4609.7212, 6616.5298
4609.7212, 6616.9405
4609.7212, 6617.3511
4609.7212, 6617.7618
4609.7212, 6618.1724
4609.7212, 6618.5832
4609.7212, 6618.9938
4609.7212, 6619.4045
4609.7212, 6619.8152
4609.7212, 6620.2259
4609.7212, 6620.6366
4609.7212, 6621.0472
4609.7212, 6621.4579
4609.7212, 6621.8686
4609.7212, 6622.2793
4609.7212, 6622.6899
4609.7212, 6623.1006
4609.7212, 6623.5112
4609.7212, 6623.922
4609.7212, 6624.3326
4609.7212, 6624.7433
4609.7212, 6625.154
4609.7212, 6625.5647
4609.7212, 6625.9754
4609.7212, 6626.386
4609.7212, 6626.7967
4609.7212, 6627.2074
4609.7212, 6627.6181
4609.7212, 6628.0287
4609.7212, 6628.4394
4609.7212, 6628.85
4609.7212, 6629.2608
4609.7212, 6629.6715
4609.7212, 6630.0821
4609.7212, 6630.4928
4609.7212, 6630.9035
4609.7212, 6631.3142
4609.7212, 6631.7248
4609.7212, 6632.1355
4609.7212, 6632.5462
4609.7212, 6632.9569
4609.7212, 6633.3676
4609.7212, 6633.7782
4609.7212, 6634.1889
4609.7212, 6634.5996
4609.7212, 6635.0103
4609.7212, 6635.4209
4609.7212, 6635.8316
4609.7212, 6636.2423
4609.7212, 6636.653
4609.7212, 6637.0637
4609.7212, 6637.4743
4609.7212, 6637.885
4609.7212, 6638.2957
4609.7212, 6638.7064
4609.7212, 6639.117
4609.7212, 6639.5276
4609.7212, 6639.9384
4609.7212, 6640.3491
4609.7212, 6640.7598
4609.7212, 6641.1703
4609.7212, 6641.5811
4609.7212, 6641.9918
4609.7212, 6642.4025
4609.7212, 6642.8131
4609.7212, 6643.2238
4609.7212, 6643.6345
4609.7212, 6644.0452
4609.7212, 6644.4559
4609.7212, 6644.8665
4609.7212, 6645.2772
4609.7212, 6645.6879
4609.7212, 6646.0986
4609.7212, 6646.5091
4609.7212, 6646.9199
4609.7212, 6647.3306
4611.0568, 6647.7412
4611.0568, 6648.152
4611.0568, 6648.5626
4611.0568, 6648.9733
4612.3923, 6649.384
4612.3923, 6649.7947
4612.3923, 6649.384
4612.3923, 6648.9733
4612.3923, 6648.5626
4612.3923, 6648.152
4612.3923, 6647.7412
4612.3923, 6647.3306
4612.3923, 6646.9199
4612.3923, 6646.5091
4612.3923, 6646.0986
4612.3923, 6645.6879
4613.7279, 6645.2772
4613.7279, 6644.8665
4613.7279, 6644.4559
4613.7279, 6644.0452
4613.7279, 6643.6345
4613.7279, 6643.2238
4613.7279, 6642.8131
4613.7279, 6642.4025
4613.7279, 6641.9918
4613.7279, 6641.5811
4613.7279, 6641.1703
4613.7279, 6640.7598
4613.7279, 6640.3491
4613.7279, 6639.9384
4613.7279, 6639.5276
4613.7279, 6639.117
4613.7279, 6638.7064
4613.7279, 6638.2957
4613.7279, 6637.885
4613.7279, 6637.4743
4613.7279, 6637.0637
4613.7279, 6636.653
4613.7279, 6636.2423
4615.0634, 6635.8316
4615.0634, 6635.4209
4615.0634, 6635.0103
4615.0634, 6634.5996
4615.0634, 6634.1889
4615.0634, 6633.7782
4615.0634, 6633.3676
4615.0634, 6632.9569
4615.0634, 6632.5462
4615.0634, 6632.1355
4615.0634, 6631.7248
4615.0634, 6631.3142
4615.0634, 6630.9035
4615.0634, 6630.4928
4615.0634, 6630.0821
4616.399, 6629.6715
4616.399, 6629.2608
4616.399, 6628.85
4616.399, 6628.4394
4616.399, 6628.0287
4616.399, 6627.6181
4616.399, 6627.2074
4616.399, 6626.7967
4616.399, 6626.386
4616.399, 6625.9754
4616.399, 6625.5647
4617.7346, 6625.154
4617.7346, 6624.7433
4617.7346, 6624.3326
4617.7346, 6623.922
4617.7346, 6623.5112
4619.0701, 6623.1006
4619.0701, 6622.6899
4619.0701, 6622.2793
4620.4057, 6622.2793
4620.4057, 6622.6899
4621.7412, 6622.6899
4621.7412, 6623.1006
4620.4057, 6623.1006
4621.7412, 6623.5112
4623.0768, 6623.5112
4624.4123, 6623.5112
4624.4123, 6623.1006
4624.4123, 6622.6899
4624.4123, 6622.2793
4625.7479, 6621.8686
4625.7479, 6621.4579
4625.7479, 6621.0472
4625.7479, 6620.6366
4625.7479, 6620.2259
4625.7479, 6619.8152
4625.7479, 6619.4045
4625.7479, 6618.9938
4625.7479, 6618.5832
4625.7479, 6618.1724
4625.7479, 6617.7618
4625.7479, 6617.3511
4627.0835, 6616.9405
4627.0835, 6616.5298
4627.0835, 6616.1191
4627.0835, 6615.7084
4627.0835, 6615.2977
4627.0835, 6614.8871
4627.0835, 6614.4764
4627.0835, 6614.0657
4628.419, 6613.655
4628.419, 6613.2444
4628.419, 6612.8336
4628.419, 6612.423
4628.419, 6612.0123
4629.7546, 6611.6016
4629.7546, 6611.191
4629.7546, 6610.7803
4631.0902, 6610.3696
4631.0902, 6609.9588
4632.4257, 6610.3696
4632.4257, 6610.7803
4633.7612, 6610.7803
4633.7612, 6611.191
4633.7612, 6611.6016
4633.7612, 6612.0123
4633.7612, 6612.423
4633.7612, 6612.8336
4635.0968, 6612.8336
4635.0968, 6613.2444
4635.0968, 6613.655
4635.0968, 6614.0657
4635.0968, 6614.4764
4635.0968, 6614.8871
4636.4324, 6615.2977
4636.4324, 6615.7084
4636.4324, 6616.1191
4636.4324, 6616.5298
4636.4324, 6616.9405
4636.4324, 6617.3511
4637.7679, 6617.3511
4637.7679, 6616.9405
4637.7679, 6616.5298
4639.1035, 6616.5298
4639.1035, 6616.1191
4639.1035, 6615.7084
4639.1035, 6615.2977
4639.1035, 6614.8871
4639.1035, 6614.4764
4639.1035, 6614.0657
4639.1035, 6613.655
4639.1035, 6613.2444
4639.1035, 6612.8336
4640.4391, 6612.423
4640.4391, 6612.0123
4640.4391, 6611.6016
4640.4391, 6611.191
4640.4391, 6610.7803
4641.7746, 6610.3696
4641.7746, 6609.9588
4641.7746, 6609.5483
4641.7746, 6609.1376
4641.7746, 6608.7269
4643.1102, 6608.3162
4643.1102, 6607.9055
4644.4457, 6607.9055
4644.4457, 6608.3162
4645.7812, 6608.3162
4645.7812, 6608.7269
4644.4457, 6608.7269
4643.1102, 6608.7269
4643.1102, 6609.1376
4643.1102, 6609.5483
4644.4457, 6609.5483
4645.7812, 6609.5483
4647.1169, 6609.5483
4647.1169, 6609.9588
4647.1169, 6610.3696
4647.1169, 6610.7803
4647.1169, 6611.191
4648.4524, 6611.6016
4648.4524, 6612.0123
4648.4524, 6612.423
4648.4524, 6612.8336
4648.4524, 6613.2444
4649.788, 6613.2444
4649.788, 6613.655
4649.788, 6614.0657
4649.788, 6614.4764
4649.788, 6614.8871
4649.788, 6615.2977
4649.788, 6615.7084
4651.1235, 6616.1191
4651.1235, 6616.5298
4651.1235, 6616.9405
4651.1235, 6617.3511
4651.1235, 6617.7618
4652.4591, 6617.7618
4652.4591, 6617.3511
4652.4591, 6616.9405
4652.4591, 6616.5298
4652.4591, 6616.1191
4653.7947, 6615.7084
4653.7947, 6615.2977
4653.7947, 6614.8871
4653.7947, 6614.4764
4653.7947, 6614.0657
4653.7947, 6613.655
4653.7947, 6613.2444
4653.7947, 6612.8336
4655.1302, 6612.423
4655.1302, 6612.0123
4655.1302, 6611.6016
4655.1302, 6611.191
4656.4658, 6610.7803
4656.4658, 6610.3696
4656.4658, 6609.9588
4656.4658, 6609.5483
4656.4658, 6609.1376
4657.8013, 6608.7269
4657.8013, 6608.3162
4659.1369, 6608.3162
4659.1369, 6607.9055
4659.1369, 6608.3162
4660.4725, 6608.7269
4659.1369, 6608.7269
4659.1369, 6609.1376
4660.4725, 6609.1376
4660.4725, 6609.5483
4660.4725, 6609.9588
4660.4725, 6610.3696
4661.808, 6610.3696
4661.808, 6610.7803
4661.808, 6611.191
4661.808, 6611.6016
4661.808, 6612.0123
4663.1436, 6612.423
4663.1436, 6612.8336
4663.1436, 6613.2444
4663.1436, 6613.655
4663.1436, 6614.0657
4664.4791, 6614.0657
4664.4791, 6614.4764
4664.4791, 6614.8871
4664.4791, 6615.2977
4664.4791, 6615.7084
4664.4791, 6616.1191
4664.4791, 6616.5298
4664.4791, 6616.9405
4665.8147, 6616.9405
4665.8147, 6616.5298
4665.8147, 6616.1191
4667.1503, 6616.1191
4667.1503, 6615.7084
4667.1503, 6615.2977
4667.1503, 6614.8871
4667.1503, 6614.4764
4667.1503, 6614.0657
4667.1503, 6613.655
4667.1503, 6613.2444
4668.4858, 6613.2444
4668.4858, 6612.8336
4668.4858, 6612.423
4668.4858, 6612.0123
4668.4858, 6611.6016
4669.8214, 6611.191
4669.8214, 6610.7803
4669.8214, 6610.3696
4669.8214, 6609.9588
4669.8214, 6609.5483
4669.8214, 6609.1376
4671.1569, 6609.1376
4671.1569, 6608.7269
4671.1569, 6608.3162
4672.4925, 6608.3162
4672.4925, 6607.9055
4673.8279, 6607.9055
4673.8279, 6608.3162
4673.8279, 6608.7269
4675.1636, 6608.7269
4675.1636, 6609.1376
4675.1636, 6609.5483
4675.1636, 6609.9588
4676.4992, 6609.9588
4676.4992, 6610.3696
4676.4992, 6610.7803
4676.4992, 6611.191
4676.4992, 6611.6016
4676.4992, 6612.0123
4677.8347, 6612.423
4677.8347, 6612.8336
4677.8347, 6613.2444
4677.8347, 6613.655
4677.8347, 6614.0657
4677.8347, 6614.4764
4677.8347, 6614.8871
4677.8347, 6615.2977
4679.1703, 6615.7084
4679.1703, 6616.1191
4679.1703, 6616.5298
4679.1703, 6616.9405
4679.1703, 6617.3511
4680.5058, 6617.3511
4680.5058, 6616.9405
4680.5058, 6616.5298
4680.5058, 6616.1191
4681.8414, 6616.1191
4681.8414, 6615.7084
4681.8414, 6615.2977
4681.8414, 6614.8871
4681.8414, 6614.4764
4681.8414, 6614.0657
4681.8414, 6613.655
4681.8414, 6613.2444
4683.177, 6612.8336
4683.177, 6612.423
4683.177, 6612.0123
4683.177, 6611.6016
4684.5125, 6611.191
4684.5125, 6610.7803
4684.5125, 6610.3696
4684.5125, 6609.9588
4685.8481, 6609.5483
4685.8481, 6609.1376
4687.1836, 6609.1376
4687.1836, 6609.5483
4688.5192, 6609.5483
4688.5192, 6609.9588
4687.1836, 6609.9588
4685.8481, 6609.9588
4685.8481, 6610.3696
4687.1836, 6610.3696
4688.5192, 6610.3696
4689.8548, 6610.3696
4689.8548, 6610.7803
4689.8548, 6611.191
4689.8548, 6611.6016
4689.8548, 6612.0123
4689.8548, 6612.423
4691.1903, 6612.8336
4691.1903, 6613.2444
4691.1903, 6613.655
4691.1903, 6614.0657
4691.1903, 6614.4764
4691.1903, 6614.8871
4691.1903, 6615.2977
4692.5259, 6615.7084
4692.5259, 6616.1191
4692.5259, 6616.5298
4692.5259, 6616.9405
4692.5259, 6617.3511
4693.8614, 6617.7618
4693.8614, 6618.1724
4695.197, 6617.7618
4695.197, 6617.3511
4693.8614, 6617.3511
4695.197, 6616.9405
4695.197, 6616.5298
4695.197, 6616.1191
4696.5326, 6615.7084
4696.5326, 6615.2977
4696.5326, 6614.8871
4696.5326, 6614.4764
4696.5326, 6614.0657
4696.5326, 6613.655
4696.5326, 6613.2444
4697.8681, 6612.8336
4697.8681, 6612.423
4697.8681, 6612.0123
4697.8681, 6611.6016
4697.8681, 6611.191
4699.2037, 6610.7803
4699.2037, 6610.3696
4699.2037, 6609.9588
4700.5392, 6609.9588
4701.8748, 6609.9588
4701.8748, 6610.3696
4700.5392, 6610.3696
4700.5392, 6610.7803
4701.8748, 6610.7803
4703.2104, 6610.7803
4703.2104, 6611.191
4703.2104, 6611.6016
4703.2104, 6612.0123
4703.2104, 6612.423
4704.5459, 6612.423
4704.5459, 6612.8336
4704.5459, 6613.2444
4704.5459, 6613.655
4704.5459, 6614.0657
4705.8815, 6614.0657
4705.8815, 6614.4764
4705.8815, 6614.8871
4705.8815, 6615.2977
4705.8815, 6615.7084
4705.8815, 6616.1191
4705.8815, 6616.5298
4707.217, 6616.9405
4707.217, 6617.3511
4707.217, 6617.7618
4707.217, 6618.1724
4707.217, 6618.5832
4707.217, 6618.9938
4707.217, 6619.4045
4707.217, 6619.8152
4708.5526, 6620.2259
4708.5526, 6619.8152
4709.8881, 6619.8152
4709.8881, 6619.4045
4708.5526, 6619.4045
4709.8881, 6618.9938
4709.8881, 6618.5832
4709.8881, 6618.1724
4709.8881, 6617.7618
4709.8881, 6617.3511
4711.2237, 6617.3511
4711.2237, 6616.9405
4711.2237, 6616.5298
4711.2237, 6616.1191
4711.2237, 6615.7084
4711.2237, 6615.2977
4711.2237, 6614.8871
4712.5593, 6614.4764
4712.5593, 6614.0657
4712.5593, 6613.655
4712.5593, 6613.2444
4713.8948, 6613.2444
4713.8948, 6612.8336
4713.8948, 6612.423
4715.2304, 6612.423
4715.2304, 6612.0123
4715.2304, 6611.6016
4716.5659, 6612.0123
4716.5659, 6612.423
4716.5659, 6612.8336
4717.9015, 6612.8336
4717.9015, 6613.2444
4719.2371, 6613.655
4719.2371, 6614.0657
4719.2371, 6614.4764
4719.2371, 6614.8871
4719.2371, 6615.2977
4719.2371, 6615.7084
4719.2371, 6616.1191
4720.5726, 6616.1191
4720.5726, 6616.5298
4720.5726, 6616.9405
4720.5726, 6617.3511
4720.5726, 6617.7618
4720.5726, 6618.1724
4721.9082, 6618.5832
4721.9082, 6618.9938
4721.9082, 6619.4045
4721.9082, 6619.8152
4721.9082, 6620.2259
4721.9082, 6620.6366
4721.9082, 6621.0472
4723.2437, 6621.4579
4723.2437, 6621.0472
4723.2437, 6620.6366
4724.5793, 6620.6366
4724.5793, 6620.2259
4723.2437, 6620.2259
4724.5793, 6619.8152
4724.5793, 6619.4045
4724.5793, 6618.9938
4724.5793, 6618.5832
4725.9149, 6618.5832
4725.9149, 6618.1724
4725.9149, 6617.7618
4725.9149, 6617.3511
4725.9149, 6616.9405
4725.9149, 6616.5298
4727.2504, 6616.1191
4727.2504, 6615.7084
4727.2504, 6615.2977
4727.2504, 6614.8871
4728.5859, 6614.8871
4728.5859, 6614.4764
4728.5859, 6614.0657
4729.9215, 6614.0657
4729.9215, 6613.655
4731.257, 6613.655
4731.257, 6614.0657
4732.5927, 6614.0657
4732.5927, 6614.4764
4731.257, 6614.4764
4729.9215, 6614.4764
4729.9215, 6614.8871
4731.257, 6614.8871
4732.5927, 6614.8871
4732.5927, 6615.2977
4732.5927, 6615.7084
4732.5927, 6616.1191
4733.9282, 6616.5298
4733.9282, 6616.9405
4733.9282, 6617.3511
4733.9282, 6617.7618
4733.9282, 6618.1724
4735.2638, 6618.1724
4735.2638, 6618.5832
4735.2638, 6618.9938
4735.2638, 6619.4045
4735.2638, 6619.8152
4735.2638, 6620.2259
4735.2638, 6620.6366
4736.5993, 6621.0472
4736.5993, 6621.4579
4736.5993, 6621.8686
4736.5993, 6622.2793
4736.5993, 6622.6899
4736.5993, 6623.1006
4737.9348, 6623.1006
4737.9348, 6622.6899
4737.9348, 6622.2793
4737.9348, 6621.8686
4737.9348, 6621.4579
4739.2705, 6621.4579
4739.2705, 6621.0472
4739.2705, 6620.6366
4739.2705, 6620.2259
4739.2705, 6619.8152
4739.2705, 6619.4045
4739.2705, 6618.9938
4740.6059, 6618.5832
4740.6059, 6618.1724
4740.6059, 6617.7618
4740.6059, 6617.3511
4740.6059, 6616.9405
4741.9416, 6616.5298
4741.9416, 6616.1191
4741.9416, 6615.7084
4743.2771, 6615.2977
4743.2771, 6614.8871
4743.2771, 6614.4764
4744.6127, 6614.4764
4744.6127, 6614.8871
4745.9482, 6614.8871
4745.9482, 6615.2977
4747.2838, 6615.2977
4747.2838, 6615.7084
4747.2838, 6616.1191
4747.2838, 6616.5298
4747.2838, 6616.9405
4748.6194, 6616.9405
4748.6194, 6617.3511
4748.6194, 6617.7618
4748.6194, 6618.1724
4748.6194, 6618.5832
4748.6194, 6618.9938
4749.9548, 6618.9938
4749.9548, 6619.4045
4749.9548, 6619.8152
4749.9548, 6620.2259
4749.9548, 6620.6366
4749.9548, 6621.0472
4749.9548, 6621.4579
4749.9548, 6621.8686
4751.2905, 6622.2793
4751.2905, 6622.6899
4751.2905, 6623.1006
4752.626, 6623.1006
4752.626, 6622.6899
4752.626, 6622.2793
4753.9616, 6622.2793
4753.9616, 6621.8686
4753.9616, 6621.4579
4753.9616, 6621.0472
4753.9616, 6620.6366
4753.9616, 6620.2259
4753.9616, 6619.8152
4753.9616, 6619.4045
4753.9616, 6618.9938
4755.2972, 6618.5832
4755.2972, 6618.1724
4755.2972, 6617.7618
4755.2972, 6617.3511
4755.2972, 6616.9405
4756.6327, 6616.5298
4756.6327, 6616.1191
4756.6327, 6615.7084
4756.6327, 6615.2977
4756.6327, 6614.8871
4757.9683, 6614.4764
4759.3038, 6614.4764
4759.3038, 6614.0657
4760.6394, 6614.0657
4760.6394, 6613.655
4761.975, 6614.0657
4761.975, 6614.4764
4760.6394, 6614.4764
4761.975, 6614.8871
4761.975, 6615.2977
4763.3105, 6615.7084
4763.3105, 6616.1191
4763.3105, 6616.5298
4763.3105, 6616.9405
4763.3105, 6617.3511
4763.3105, 6617.7618
4763.3105, 6618.1724
4764.6461, 6618.5832
4764.6461, 6618.9938
4764.6461, 6619.4045
4764.6461, 6619.8152
4764.6461, 6620.2259
4765.9816, 6620.6366
4765.9816, 6621.0472
4765.9816, 6621.4579
4765.9816, 6621.8686
4765.9816, 6622.2793
4765.9816, 6622.6899
4767.3172, 6622.6899
4767.3172, 6622.2793
4768.6528, 6622.2793
4768.6528, 6621.8686
4767.3172, 6621.8686
4767.3172, 6621.4579
4768.6528, 6621.4579
4768.6528, 6621.0472
4768.6528, 6620.6366
4768.6528, 6620.2259
4768.6528, 6619.8152
4768.6528, 6619.4045
4768.6528, 6618.9938
4769.9883, 6618.5832
4769.9883, 6618.1724
4769.9883, 6617.7618
4769.9883, 6617.3511
4769.9883, 6616.9405
4769.9883, 6616.5298
4771.3239, 6616.1191
4771.3239, 6615.7084
4771.3239, 6615.2977
4771.3239, 6614.8871
4772.6594, 6614.4764
4772.6594, 6614.0657
4773.995, 6614.4764
4773.995, 6614.8871
4775.3306, 6614.8871
4776.6661, 6615.2977
4776.6661, 6615.7084
4778.0017, 6616.1191
4779.3372, 6616.5298
4779.3372, 6616.9405
4779.3372, 6617.3511
4779.3372, 6617.7618
4779.3372, 6618.1724
4780.6728, 6618.1724
4780.6728, 6618.5832
4780.6728, 6618.9938
4780.6728, 6619.4045
4780.6728, 6619.8152
4780.6728, 6620.2259
4780.6728, 6620.6366
4780.6728, 6621.0472
4782.0083, 6621.4579
4782.0083, 6621.8686
4782.0083, 6622.2793
4782.0083, 6622.6899
4782.0083, 6623.1006
4782.0083, 6623.5112
4783.3439, 6623.922
4783.3439, 6623.5112
4783.3439, 6623.1006
4783.3439, 6622.6899
4784.6795, 6622.6899
4784.6795, 6622.2793
4783.3439, 6622.2793
4784.6795, 6621.8686
4784.6795, 6621.4579
4784.6795, 6621.0472
4784.6795, 6620.6366
4784.6795, 6620.2259
4786.015, 6619.8152
4786.015, 6619.4045
4786.015, 6618.9938
4786.015, 6618.5832
4786.015, 6618.1724
4786.015, 6617.7618
4787.3506, 6617.3511
4787.3506, 6616.9405
4787.3506, 6616.5298
4787.3506, 6616.1191
4788.6861, 6615.7084
4788.6861, 6615.2977
4788.6861, 6614.8871
4790.0217, 6614.8871
4791.3573, 6614.8871
4791.3573, 6615.2977
4790.0217, 6615.2977
4790.0217, 6615.7084
4791.3573, 6615.7084
4792.6928, 6615.7084
4794.0284, 6616.1191
4794.0284, 6616.5298
4794.0284, 6616.9405
4794.0284, 6617.3511
4794.0284, 6617.7618
4794.0284, 6618.1724
4794.0284, 6618.5832
4795.3639, 6618.5832
4795.3639, 6618.9938
4795.3639, 6619.4045
4795.3639, 6619.8152
4795.3639, 6620.2259
4795.3639, 6620.6366
4796.6995, 6621.0472
4796.6995, 6621.4579
4796.6995, 6621.8686
4796.6995, 6622.2793
4796.6995, 6622.6899
4796.6995, 6623.1006
4796.6995, 6623.5112
4796.6995, 6623.922
4798.0351, 6624.3326
4798.0351, 6624.7433
4798.0351, 6624.3326
4798.0351, 6623.922
4799.3706, 6623.922
4799.3706, 6623.5112
4798.0351, 6623.5112
4799.3706, 6623.1006
4799.3706, 6622.6899
4799.3706, 6622.2793
4799.3706, 6621.8686
4800.7062, 6621.8686
4800.7062, 6621.4579
4800.7062, 6621.0472
4800.7062, 6620.6366
4800.7062, 6620.2259
4800.7062, 6619.8152
4800.7062, 6619.4045
4800.7062, 6618.9938
4802.0417, 6618.5832
4802.0417, 6618.1724
4802.0417, 6617.7618
4802.0417, 6617.3511
4802.0417, 6616.9405
4803.3773, 6616.5298
4803.3773, 6616.1191
4803.3773, 6615.7084
4804.7128, 6615.2977
4804.7128, 6614.8871
4806.0484, 6614.8871
4806.0484, 6614.4764
4807.384, 6614.8871
4807.384, 6615.2977
4806.0484, 6615.2977
4806.0484, 6615.7084
4807.384, 6615.7084
4808.7195, 6615.7084
4808.7195, 6616.1191
4808.7195, 6616.5298
4808.7195, 6616.9405
4808.7195, 6617.3511
4808.7195, 6617.7618
4810.0551, 6617.7618
4810.0551, 6618.1724
4810.0551, 6618.5832
4810.0551, 6618.9938
4810.0551, 6619.4045
4810.0551, 6619.8152
4811.3907, 6620.2259
4811.3907, 6620.6366
4811.3907, 6621.0472
4811.3907, 6621.4579
4811.3907, 6621.8686
4811.3907, 6622.2793
4811.3907, 6622.6899
4812.7262, 6623.1006
4812.7262, 6623.5112
4812.7262, 6623.922
4812.7262, 6624.3326
4814.0618, 6624.3326
4814.0618, 6623.922
4814.0618, 6623.5112
4814.0618, 6623.1006
4815.3973, 6623.1006
4815.3973, 6622.6899
4815.3973, 6622.2793
4815.3973, 6621.8686
4815.3973, 6621.4579
4815.3973, 6621.0472
4815.3973, 6620.6366
4815.3973, 6620.2259
4816.7328, 6619.8152
4816.7328, 6619.4045
4816.7328, 6618.9938
4816.7328, 6618.5832
4816.7328, 6618.1724
4816.7328, 6617.7618
4818.0684, 6617.3511
4818.0684, 6616.9405
4818.0684, 6616.5298
4818.0684, 6616.1191
4818.0684, 6615.7084
4819.404, 6615.2977
4819.404, 6614.8871
4820.7396, 6614.4764
4822.0751, 6614.4764
4822.0751, 6614.8871
4820.7396, 6614.8871
4820.7396, 6615.2977
4822.0751, 6615.2977
4823.4107, 6615.2977
4824.7462, 6615.7084
4824.7462, 6616.1191
4824.7462, 6616.5298
4824.7462, 6616.9405
4824.7462, 6617.3511
4824.7462, 6617.7618
4824.7462, 6618.1724
4826.0818, 6618.1724
4826.0818, 6618.5832
4826.0818, 6618.9938
4826.0818, 6619.4045
4826.0818, 6619.8152
4826.0818, 6620.2259
4827.4174, 6620.6366
4827.4174, 6621.0472
4827.4174, 6621.4579
4827.4174, 6621.8686
4827.4174, 6622.2793
4827.4174, 6622.6899
4827.4174, 6623.1006
4827.4174, 6623.5112
4828.7529, 6623.922
4828.7529, 6624.3326
4830.0885, 6624.3326
4830.0885, 6623.922
4830.0885, 6623.5112
4828.7529, 6623.5112
4828.7529, 6623.1006
4830.0885, 6623.1006
4830.0885, 6622.6899
4831.424, 6622.2793
4831.424, 6621.8686
4831.424, 6621.4579
4831.424, 6621.0472
4831.424, 6620.6366
4831.424, 6620.2259
4831.424, 6619.8152
4831.424, 6619.4045
4832.7596, 6619.4045
4832.7596, 6618.9938
4832.7596, 6618.5832
4832.7596, 6618.1724
4832.7596, 6617.7618
4832.7596, 6617.3511
4834.0952, 6616.9405
4834.0952, 6616.5298
4834.0952, 6616.1191
4835.4307, 6616.1191
4835.4307, 6615.7084
4835.4307, 6615.2977
4836.7663, 6615.2977
4836.7663, 6614.8871
4838.1018, 6615.2977
4838.1018, 6615.7084
4836.7663, 6615.7084
4838.1018, 6616.1191
4839.4374, 6616.1191
4839.4374, 6616.5298
4839.4374, 6616.9405
4839.4374, 6617.3511
4839.4374, 6617.7618
4840.773, 6617.7618
4840.773, 6618.1724
4840.773, 6618.5832
4840.773, 6618.9938
4840.773, 6619.4045
4840.773, 6619.8152
4842.1085, 6619.8152
4842.1085, 6620.2259
4842.1085, 6620.6366
4842.1085, 6621.0472
4842.1085, 6621.4579
4842.1085, 6621.8686
4842.1085, 6622.2793
4842.1085, 6622.6899
4843.4441, 6623.1006
4843.4441, 6623.5112
4843.4441, 6623.922
4843.4441, 6624.3326
4843.4441, 6624.7433
4843.4441, 6625.154
4844.7795, 6625.5647
4844.7795, 6625.154
4846.1152, 6625.154
4846.1152, 6624.7433
4844.7795, 6624.7433
4844.7795, 6624.3326
4846.1152, 6624.3326
4846.1152, 6623.922
4846.1152, 6623.5112
4846.1152, 6623.1006
4846.1152, 6622.6899
4846.1152, 6622.2793
4846.1152, 6621.8686
4846.1152, 6621.4579
4847.4508, 6621.0472
4847.4508, 6620.6366
4847.4508, 6620.2259
4847.4508, 6619.8152
4847.4508, 6619.4045
4848.7863, 6618.9938
4848.7863, 6618.5832
4848.7863, 6618.1724
4848.7863, 6617.7618
4850.1219, 6617.3511
4850.1219, 6616.9405
4850.1219, 6616.5298
4850.1219, 6616.1191
4851.4574, 6616.1191
4852.793, 6616.1191
4852.793, 6615.7084
4854.1285, 6616.1191
4854.1285, 6616.5298
4852.793, 6616.5298
4851.4574, 6616.5298
4851.4574, 6616.9405
4852.793, 6616.9405
4854.1285, 6616.9405
4855.4641, 6616.9405
4855.4641, 6617.3511
4855.4641, 6617.7618
4855.4641, 6618.1724
4855.4641, 6618.5832
4856.7997, 6618.9938
4856.7997, 6619.4045
4856.7997, 6619.8152
4856.7997, 6620.2259
4856.7997, 6620.6366
4856.7997, 6621.0472
4858.1352, 6621.0472
4858.1352, 6621.4579
4858.1352, 6621.8686
4858.1352, 6622.2793
4858.1352, 6622.6899
4858.1352, 6623.1006
4858.1352, 6623.5112
4858.1352, 6623.922
4859.4708, 6624.3326
4859.4708, 6624.7433
4859.4708, 6625.154
4860.8063, 6625.154
4860.8063, 6624.7433
4860.8063, 6624.3326
4862.1419, 6624.3326
4862.1419, 6623.922
4860.8063, 6623.922
4862.1419, 6623.5112
4862.1419, 6623.1006
4862.1419, 6622.6899
4862.1419, 6622.2793
4862.1419, 6621.8686
4862.1419, 6621.4579
4862.1419, 6621.0472
4862.1419, 6620.6366
4862.1419, 6620.2259
4863.4775, 6619.8152
4863.4775, 6619.4045
4863.4775, 6618.9938
4863.4775, 6618.5832
4863.4775, 6618.1724
4863.4775, 6617.7618
4863.4775, 6617.3511
4864.813, 6616.9405
4864.813, 6616.5298
4864.813, 6616.1191
4864.813, 6615.7084
4866.1486, 6615.2977
4866.1486, 6614.8871
4866.1486, 6614.4764
4867.4841, 6614.0657
4868.8197, 6614.0657
4868.8197, 6614.4764
4870.1553, 6614.4764
4871.4908, 6614.8871
4871.4908, 6615.2977
4871.4908, 6615.7084
4871.4908, 6616.1191
4871.4908, 6616.5298
4871.4908, 6616.9405
4871.4908, 6617.3511
4872.8264, 6617.3511
4872.8264, 6617.7618
4872.8264, 6618.1724
4872.8264, 6618.5832
4872.8264, 6618.9938
4872.8264, 6619.4045
4874.1619, 6619.8152
4874.1619, 6620.2259
4874.1619, 6620.6366
4874.1619, 6621.0472
4874.1619, 6621.4579
4874.1619, 6621.8686
4874.1619, 6622.2793
4875.4975, 6622.6899
4875.4975, 6623.1006
4875.4975, 6623.5112
4876.8331, 6623.1006
4876.8331, 6622.6899
4876.8331, 6622.2793
4875.4975, 6622.2793
4875.4975, 6621.8686
4876.8331, 6621.8686
4876.8331, 6621.4579
4876.8331, 6621.0472
4876.8331, 6620.6366
4876.8331, 6620.2259
4878.1686, 6619.8152
4878.1686, 6619.4045
4878.1686, 6618.9938
4878.1686, 6618.5832
4878.1686, 6618.1724
4879.5042, 6618.1724
4879.5042, 6617.7618
4879.5042, 6617.3511
4879.5042, 6616.9405
4879.5042, 6616.5298
4879.5042, 6616.1191
4879.5042, 6615.7084
4880.8397, 6615.2977
4880.8397, 6614.8871
4880.8397, 6614.4764
4880.8397, 6614.0657
4882.1753, 6614.0657
4882.1753, 6613.655
4882.1753, 6613.2444
4883.5109, 6613.2444
4883.5109, 6612.8336
4884.8464, 6613.2444
4884.8464, 6613.655
4883.5109, 6613.655
4883.5109, 6614.0657
4884.8464, 6614.0657
4886.182, 6614.0657
4886.182, 6614.4764
4886.182, 6614.8871
4887.5175, 6614.8871
4887.5175, 6615.2977
4887.5175, 6615.7084
4887.5175, 6616.1191
4887.5175, 6616.5298
4887.5175, 6616.9405
4887.5175, 6617.3511
4888.8531, 6617.3511
4888.8531, 6617.7618
4888.8531, 6618.1724
4888.8531, 6618.5832
4888.8531, 6618.9938
4888.8531, 6619.4045
4888.8531, 6619.8152
4888.8531, 6620.2259
4890.1886, 6620.6366
4890.1886, 6621.0472
4890.1886, 6621.4579
4890.1886, 6621.8686
4890.1886, 6622.2793
4890.1886, 6622.6899
4891.5242, 6623.1006
4891.5242, 6622.6899
4891.5242, 6622.2793
4891.5242, 6621.8686
4891.5242, 6621.4579
4892.8598, 6621.4579
4892.8598, 6621.0472
4892.8598, 6620.6366
4892.8598, 6620.2259
4892.8598, 6619.8152
4892.8598, 6619.4045
4892.8598, 6618.9938
4892.8598, 6618.5832
4894.1953, 6618.1724
4894.1953, 6617.7618
4894.1953, 6617.3511
4894.1953, 6616.9405
4894.1953, 6616.5298
4894.1953, 6616.1191
4894.1953, 6615.7084
4895.5309, 6615.2977
4895.5309, 6614.8871
4895.5309, 6614.4764
4895.5309, 6614.0657
4895.5309, 6613.655
4896.8664, 6613.2444
4896.8664, 6612.8336
4896.8664, 6612.423
4898.202, 6612.0123
4898.202, 6611.6016
4899.5375, 6611.6016
4899.5375, 6611.191
4900.8731, 6611.6016
4900.8731, 6612.0123
4902.2086, 6612.0123
4902.2086, 6612.423
4902.2086, 6612.8336
4903.5442, 6613.2444
4903.5442, 6613.655
4903.5442, 6614.0657
4903.5442, 6614.4764
4903.5442, 6614.8871
4903.5442, 6615.2977
4904.8798, 6615.2977
4904.8798, 6615.7084
4904.8798, 6616.1191
4904.8798, 6616.5298
4904.8798, 6616.9405
4904.8798, 6617.3511
4904.8798, 6617.7618
4906.2154, 6618.1724
4906.2154, 6618.5832
4906.2154, 6618.9938
4906.2154, 6619.4045
4906.2154, 6619.8152
4906.2154, 6620.2259
4906.2154, 6620.6366
4906.2154, 6621.0472
4907.5509, 6621.4579
4908.8864, 6621.4579
4908.8864, 6621.0472
4907.5509, 6621.0472
4907.5509, 6620.6366
4908.8864, 6620.6366
4908.8864, 6620.2259
4908.8864, 6619.8152
4908.8864, 6619.4045
4908.8864, 6618.9938
4910.222, 6618.9938
4910.222, 6618.5832
4910.222, 6618.1724
4910.222, 6617.7618
4910.222, 6617.3511
4910.222, 6616.9405
4910.222, 6616.5298
4910.222, 6616.1191
4910.222, 6615.7084
4911.5575, 6615.2977
4911.5575, 6614.8871
4911.5575, 6614.4764
4911.5575, 6614.0657
4911.5575, 6613.655
4912.8932, 6613.2444
4912.8932, 6612.8336
4912.8932, 6612.423
4914.2287, 6612.0123
4914.2287, 6611.6016
4915.5643, 6611.6016
4915.5643, 6611.191
4915.5643, 6610.7803
4916.8998, 6611.191
4916.8998, 6611.6016
4918.2354, 6611.6016
4918.2354, 6612.0123
4919.571, 6612.423
4919.571, 6612.8336
4919.571, 6613.2444
4919.571, 6613.655
4919.571, 6614.0657
4919.571, 6614.4764
4919.571, 6614.8871
4920.9064, 6614.8871
4920.9064, 6615.2977
4920.9064, 6615.7084
4920.9064, 6616.1191
4920.9064, 6616.5298
4920.9064, 6616.9405
4920.9064, 6617.3511
4920.9064, 6617.7618
4922.2421, 6618.1724
4922.2421, 6618.5832
4922.2421, 6618.9938
4922.2421, 6619.4045
4922.2421, 6619.8152
4922.2421, 6620.2259
4922.2421, 6620.6366
4923.5776, 6621.0472
4923.5776, 6621.4579
4924.9132, 6621.0472
4924.9132, 6620.6366
4923.5776, 6620.6366
4923.5776, 6620.2259
4924.9132, 6620.2259
4924.9132, 6619.8152
4926.2487, 6619.4045
4926.2487, 6618.9938
4926.2487, 6618.5832
4926.2487, 6618.1724
4926.2487, 6617.7618
4926.2487, 6617.3511
4926.2487, 6616.9405
4926.2487, 6616.5298
4926.2487, 6616.1191
4927.5843, 6616.1191
4927.5843, 6615.7084
4927.5843, 6615.2977
4927.5843, 6614.8871
4927.5843, 6614.4764
4927.5843, 6614.0657
4927.5843, 6613.655
4927.5843, 6613.2444
4928.9199, 6612.8336
4928.9199, 6612.423
4928.9199, 6612.0123
4928.9199, 6611.6016
4928.9199, 6611.191
4930.2554, 6610.7803
4930.2554, 6610.3696
4930.2554, 6609.9588
4931.591, 6609.5483
4931.591, 6609.1376
4932.9264, 6609.1376
4934.2621, 6609.1376
4934.2621, 6609.5483
4932.9264, 6609.5483
4932.9264, 6609.9588
4934.2621, 6609.9588
4935.5977, 6609.9588
4935.5977, 6610.3696
4935.5977, 6610.7803
4935.5977, 6611.191
4935.5977, 6611.6016
4935.5977, 6612.0123
4936.9332, 6612.0123
4936.9332, 6612.423
4936.9332, 6612.8336
4936.9332, 6613.2444
4936.9332, 6613.655
4936.9332, 6614.0657
4936.9332, 6614.4764
4938.2688, 6614.8871
4938.2688, 6615.2977
4938.2688, 6615.7084
4938.2688, 6616.1191
4938.2688, 6616.5298
4938.2688, 6616.9405
4939.6042, 6617.3511
4939.6042, 6617.7618
4939.6042, 6618.1724
4939.6042, 6618.5832
4939.6042, 6618.9938
4939.6042, 6619.4045
4939.6042, 6619.8152
4940.9399, 6620.2259
4940.9399, 6619.8152
4942.2755, 6619.8152
4942.2755, 6619.4045
4940.9399, 6619.4045
4942.2755, 6618.9938
4942.2755, 6618.5832
4942.2755, 6618.1724
4942.2755, 6617.7618
4942.2755, 6617.3511
4942.2755, 6616.9405
4943.611, 6616.9405
4943.611, 6616.5298
4943.611, 6616.1191
4943.611, 6615.7084
4943.611, 6615.2977
4943.611, 6614.8871
4943.611, 6614.4764
4943.611, 6614.0657
4943.611, 6613.655
4944.9466, 6613.2444
4944.9466, 6612.8336
4944.9466, 6612.423
4944.9466, 6612.0123
4944.9466, 6611.6016
4946.2821, 6611.191
4946.2821, 6610.7803
4946.2821, 6610.3696
4946.2821, 6609.9588
4946.2821, 6609.5483
4947.6177, 6609.1376
4947.6177, 6608.7269
4948.9533, 6608.7269
4948.9533, 6609.1376
4950.2888, 6609.1376
4951.6244, 6609.1376
4951.6244, 6609.5483
4951.6244, 6609.9588
4952.9599, 6610.3696
4952.9599, 6610.7803
4952.9599, 6611.191
4952.9599, 6611.6016
4952.9599, 6612.0123
4952.9599, 6612.423
4954.2955, 6612.423
4954.2955, 6612.8336
4954.2955, 6613.2444
4954.2955, 6613.655
4954.2955, 6614.0657
4954.2955, 6614.4764
4955.6311, 6614.8871
4955.6311, 6615.2977
4955.6311, 6615.7084
4955.6311, 6616.1191
4955.6311, 6616.5298
4955.6311, 6616.9405
4955.6311, 6617.3511
4955.6311, 6617.7618
4956.9666, 6618.1724
4956.9666, 6618.5832
4956.9666, 6618.9938
4956.9666, 6619.4045
4956.9666, 6619.8152
4958.3022, 6619.8152
4958.3022, 6619.4045
4958.3022, 6618.9938
4958.3022, 6618.5832
4959.6377, 6618.5832
4959.6377, 6618.1724
4959.6377, 6617.7618
4959.6377, 6617.3511
4959.6377, 6616.9405
4959.6377, 6616.5298
4959.6377, 6616.1191
4959.6377, 6615.7084
4959.6377, 6615.2977
4959.6377, 6614.8871
4960.9733, 6614.4764
4960.9733, 6614.0657
4960.9733, 6613.655
4960.9733, 6613.2444
4960.9733, 6612.8336
4960.9733, 6612.423
4962.3088, 6612.0123
4962.3088, 6611.6016
4962.3088, 6611.191
4962.3088, 6610.7803
4962.3088, 6610.3696
4963.6444, 6609.9588
4963.6444, 6609.5483
4963.6444, 6609.1376
4963.6444, 6608.7269
4963.6444, 6608.3162
4964.98, 6607.9055
4964.98, 6607.4949
4966.3155, 6607.4949
4966.3155, 6607.9055
4967.6511, 6607.9055
4968.9866, 6607.9055
4968.9866, 6608.3162
4968.9866, 6608.7269
4968.9866, 6609.1376
4970.3222, 6609.5483
4970.3222, 6609.9588
4970.3222, 6610.3696
4970.3222, 6610.7803
4970.3222, 6611.191
4970.3222, 6611.6016
4971.6578, 6611.6016
4971.6578, 6612.0123
4971.6578, 6612.423
4971.6578, 6612.8336
4971.6578, 6613.2444
4971.6578, 6613.655
4971.6578, 6614.0657
4972.9933, 6614.4764
4972.9933, 6614.8871
4972.9933, 6615.2977
4972.9933, 6615.7084
4972.9933, 6616.1191
4972.9933, 6616.5298
4972.9933, 6616.9405
4974.3289, 6617.3511
4974.3289, 6617.7618
4974.3289, 6618.1724
4975.6644, 6618.5832
4975.6644, 6618.1724
4975.6644, 6617.7618
4975.6644, 6617.3511
4975.6644, 6616.9405
4974.3289, 6616.9405
4974.3289, 6616.5298
4975.6644, 6616.5298
4977.0, 6616.5298
4977.0, 6616.1191
4977.0, 6615.7084
4977.0, 6615.2977
4977.0, 6614.8871
4977.0, 6614.4764
4977.0, 6614.0657
4977.0, 6613.655
4977.0, 6613.2444
4977.0, 6612.8336
4978.3356, 6612.8336
4978.3356, 6612.423
4978.3356, 6612.0123
4978.3356, 6611.6016
4978.3356, 6611.191
4978.3356, 6610.7803
4978.3356, 6610.3696
4978.3356, 6609.9588
4979.6711, 6609.5483
4979.6711, 6609.1376
4979.6711, 6608.7269
4979.6711, 6608.3162
4979.6711, 6607.9055
4979.6711, 6607.4949
4981.0067, 6607.0842
4981.0067, 6606.6735
4981.0067, 6606.2628
4981.0067, 6605.8521
4982.3422, 6605.4415
4982.3422, 6605.0308
4982.3422, 6604.62
4983.6778, 6604.62
4985.0134, 6604.62
4985.0134, 6605.0308
4983.6778, 6605.0308
4983.6778, 6605.4415
4985.0134, 6605.4415
4986.3489, 6605.4415
4986.3489, 6605.8521
4987.6844, 6606.2628
4987.6844, 6606.6735
4987.6844, 6607.0842
4987.6844, 6607.4949
4987.6844, 6607.9055
4987.6844, 6608.3162
4989.02, 6608.3162
4989.02, 6608.7269
4989.02, 6609.1376
4989.02, 6609.5483
4989.02, 6609.9588
4989.02, 6610.3696
4989.02, 6610.7803
4990.3556, 6611.191
4990.3556, 6611.6016
4990.3556, 6612.0123
4990.3556, 6612.423
4990.3556, 6612.8336
4990.3556, 6613.2444
4990.3556, 6613.655
4990.3556, 6614.0657
4991.6912, 6614.4764
4991.6912, 6614.8871
4991.6912, 6615.2977
4991.6912, 6615.7084
4991.6912, 6616.1191
4993.0267, 6616.5298
4993.0267, 6616.1191
4994.3623, 6616.1191
4994.3623, 6615.7084
4993.0267, 6615.7084
4993.0267, 6615.2977
4994.3623, 6615.2977
4994.3623, 6614.8871
4994.3623, 6614.4764
4994.3623, 6614.0657
4994.3623, 6613.655
4994.3623, 6613.2444
4994.3623, 6612.8336
4994.3623, 6612.423
4995.6978, 6612.0123
4995.6978, 6611.6016
4995.6978, 6611.191
4995.6978, 6610.7803
4995.6978, 6610.3696
4995.6978, 6609.9588
4995.6978, 6609.5483
4995.6978, 6609.1376
4997.0334, 6608.7269
4997.0334, 6608.3162
4997.0334, 6607.9055
4997.0334, 6607.4949
4997.0334, 6607.0842
4998.3689, 6606.6735
4998.3689, 6606.2628
4998.3689, 6605.8521
4998.3689, 6605.4415
4999.7045, 6605.0308
4999.7045, 6604.62
5001.0401, 6604.62
5001.0401, 6604.2094
5001.0401, 6603.7988
5002.3756, 6604.2094
5002.3756, 6604.62
5003.7112, 6604.62
5003.7112, 6605.0308
5005.0467, 6605.4415
5005.0467, 6605.8521
5005.0467, 6606.2628
5005.0467, 6606.6735
5005.0467, 6607.0842
5005.0467, 6607.4949
5006.3822, 6607.4949
5006.3822, 6607.9055
5006.3822, 6608.3162
5006.3822, 6608.7269
5006.3822, 6609.1376
5006.3822, 6609.5483
5006.3822, 6609.9588
5007.7179, 6610.3696
5007.7179, 6610.7803
5007.7179, 6611.191
5007.7179, 6611.6016
5007.7179, 6612.0123
5007.7179, 6612.423
5007.7179, 6612.8336
5009.0534, 6613.2444
5009.0534, 6613.655
5009.0534, 6614.0657
5009.0534, 6614.4764
5009.0534, 6614.8871
5009.0534, 6615.2977
5009.0534, 6615.7084
5010.389, 6616.1191
5010.389, 6615.7084
5011.7245, 6615.7084
5011.7245, 6615.2977
5010.389, 6615.2977
5010.389, 6614.8871
5011.7245, 6614.8871
5011.7245, 6614.4764
5011.7245, 6614.0657
5011.7245, 6613.655
5011.7245, 6613.2444
5011.7245, 6612.8336
5011.7245, 6612.423
5013.0601, 6612.0123
5013.0601, 6611.6016
5013.0601, 6611.191
5013.0601, 6610.7803
5013.0601, 6610.3696
5013.0601, 6609.9588
5013.0601, 6609.5483
5014.3957, 6609.1376
5014.3957, 6608.7269
5014.3957, 6608.3162
5014.3957, 6607.9055
5014.3957, 6607.4949
5015.7311, 6607.0842
5015.7311, 6606.6735
5015.7311, 6606.2628
5015.7311, 6605.8521
5015.7311, 6605.4415
5017.0668, 6605.0308
5017.0668, 6604.62
5017.0668, 6604.2094
5018.4022, 6603.7988
5019.7379, 6603.7988
5021.0735, 6603.7988
5021.0735, 6604.2094
5019.7379, 6604.2094
5019.7379, 6604.62
5021.0735, 6604.62
5022.409, 6605.0308
5022.409, 6605.4415
5022.409, 6605.8521
5022.409, 6606.2628
5022.409, 6606.6735
5022.409, 6607.0842
5023.7446, 6607.0842
5023.7446, 6607.4949
5023.7446, 6607.9055
5023.7446, 6608.3162
5023.7446, 6608.7269
5023.7446, 6609.1376
5025.0801, 6609.5483
5025.0801, 6609.9588
5025.0801, 6610.3696
5025.0801, 6610.7803
5025.0801, 6611.191
5025.0801, 6611.6016
5026.4157, 6612.0123
5026.4157, 6612.423
5026.4157, 6612.8336
5026.4157, 6613.2444
5026.4157, 6613.655
5026.4157, 6614.0657
5026.4157, 6614.4764
5026.4157, 6614.8871
5027.7513, 6615.2977
5027.7513, 6614.8871
5029.0868, 6614.8871
5029.0868, 6614.4764
5027.7513, 6614.4764
5027.7513, 6614.0657
5029.0868, 6614.0657
5029.0868, 6613.655
5029.0868, 6613.2444
5029.0868, 6612.8336
5029.0868, 6612.423
5029.0868, 6612.0123
5030.4224, 6611.6016
5030.4224, 6611.191
5030.4224, 6610.7803
5030.4224, 6610.3696
5030.4224, 6609.9588
5030.4224, 6609.5483
5030.4224, 6609.1376
5031.7579, 6608.7269
5031.7579, 6608.3162
5031.7579, 6607.9055
5031.7579, 6607.4949
5031.7579, 6607.0842
5031.7579, 6606.6735
5031.7579, 6606.2628
5033.0935, 6605.8521
5033.0935, 6605.4415
5033.0935, 6605.0308
5033.0935, 6604.62
5034.429, 6604.2094
5034.429, 6603.7988
5034.429, 6603.3881
5034.429, 6602.9774
5035.7646, 6602.9774
5037.1002, 6602.9774
5037.1002, 6602.5667
5037.1002, 6602.9774
5035.7646, 6603.3881
5037.1002, 6603.3881
5038.4357, 6603.3881
5038.4357, 6603.7988
5039.7713, 6604.2094
5039.7713, 6604.62
5039.7713, 6605.0308
5039.7713, 6605.4415
5039.7713, 6605.8521
5041.1068, 6605.8521
5041.1068, 6606.2628
5041.1068, 6606.6735
5041.1068, 6607.0842
5041.1068, 6607.4949
5041.1068, 6607.9055
5041.1068, 6608.3162
5042.4424, 6608.7269
5042.4424, 6609.1376
5042.4424, 6609.5483
5042.4424, 6609.9588
5042.4424, 6610.3696
5042.4424, 6610.7803
5043.778, 6611.191
5043.778, 6611.6016
5043.778, 6612.0123
5045.1135, 6611.6016
5045.1135, 6611.191
5045.1135, 6610.7803
5043.778, 6610.7803
5043.778, 6610.3696
5045.1135, 6610.3696
5045.1135, 6609.9588
5045.1135, 6609.5483
5046.4491, 6609.5483
5046.4491, 6609.1376
5046.4491, 6608.7269
5046.4491, 6608.3162
5046.4491, 6607.9055
5046.4491, 6607.4949
5046.4491, 6607.0842
5046.4491, 6606.6735
5046.4491, 6606.2628
5046.4491, 6605.8521
5047.7846, 6605.4415
5047.7846, 6605.0308
5047.7846, 6604.62
5047.7846, 6604.2094
5047.7846, 6603.7988
5049.1202, 6603.3881
5049.1202, 6602.9774
5049.1202, 6602.5667
5049.1202, 6602.1561
5049.1202, 6601.7454
5050.4558, 6601.3347
5051.7913, 6601.3347
5051.7913, 6600.924
5051.7913, 6600.5133
5053.1269, 6600.5133
5053.1269, 6600.924
5053.1269, 6601.3347
5054.4624, 6601.3347
5055.798, 6601.7454
5055.798, 6602.1561
5055.798, 6602.5667
5055.798, 6602.9774
5055.798, 6603.3881
5055.798, 6603.7988
5057.1336, 6603.7988
5057.1336, 6604.2094
5057.1336, 6604.62
5057.1336, 6605.0308
5057.1336, 6605.4415
5057.1336, 6605.8521
5057.1336, 6606.2628
5058.4691, 6606.6735
5058.4691, 6607.0842
5058.4691, 6607.4949
5058.4691, 6607.9055
5058.4691, 6608.3162
5058.4691, 6608.7269
5058.4691, 6609.1376
5059.8047, 6609.5483
5059.8047, 6609.9588
5059.8047, 6610.3696
5059.8047, 6610.7803
5059.8047, 6611.191
5061.1402, 6611.191
5061.1402, 6610.7803
5061.1402, 6610.3696
5062.4758, 6610.3696
5062.4758, 6609.9588
5062.4758, 6609.5483
5062.4758, 6609.1376
5062.4758, 6608.7269
5062.4758, 6608.3162
5062.4758, 6607.9055
5062.4758, 6607.4949
5062.4758, 6607.0842
5063.8114, 6606.6735
5063.8114, 6606.2628
5063.8114, 6605.8521
5063.8114, 6605.4415
5063.8114, 6605.0308
5063.8114, 6604.62
5065.1469, 6604.2094
5065.1469, 6603.7988
5065.1469, 6603.3881
5065.1469, 6602.9774
5066.4825, 6602.5667
5066.4825, 6602.1561
5067.818, 6601.7454
5069.1536, 6601.7454
5069.1536, 6602.1561
5070.4891, 6602.1561
5070.4891, 6602.5667
5069.1536, 6602.5667
5067.818, 6602.5667
5067.818, 6602.1561
5069.1536, 6602.5667
5070.4891, 6602.5667
5070.4891, 6602.9774
5071.8247, 6602.9774
5071.8247, 6603.3881
5071.8247, 6603.7988
5071.8247, 6604.2094
5071.8247, 6604.62
5071.8247, 6605.0308
5071.8247, 6605.4415
5073.1602, 6605.4415
5073.1602, 6605.8521
5073.1602, 6606.2628
5073.1602, 6606.6735
5073.1602, 6607.0842
5073.1602, 6607.4949
5074.4958, 6607.9055
5074.4958, 6608.3162
5074.4958, 6608.7269
5074.4958, 6609.1376
5074.4958, 6609.5483
5074.4958, 6609.9588
5075.8314, 6610.3696
5075.8314, 6609.9588
5075.8314, 6609.5483
5077.1669, 6609.5483
5077.1669, 6609.1376
5075.8314, 6609.1376
5077.1669, 6608.7269
5077.1669, 6608.3162
5077.1669, 6607.9055
5077.1669, 6607.4949
5077.1669, 6607.0842
5077.1669, 6606.6735
5078.5025, 6606.2628
5078.5025, 6605.8521
5078.5025, 6605.4415
5078.5025, 6605.0308
5078.5025, 6604.62
5078.5025, 6604.2094
5079.838, 6603.7988
5079.838, 6603.3881
5079.838, 6602.9774
5079.838, 6602.5667
5079.838, 6602.1561
5081.1736, 6601.7454
5081.1736, 6601.3347
5081.1736, 6600.924
5082.5091, 6600.5133
5083.8447, 6600.5133
5083.8447, 6600.1027
5083.8447, 6599.692
5085.1803, 6600.1027
5085.1803, 6600.5133
5085.1803, 6600.924
5086.5159, 6600.924
5086.5159, 6601.3347
5086.5159, 6601.7454
5086.5159, 6602.1561
5086.5159, 6602.5667
5086.5159, 6602.9774
5087.8514, 6602.9774
5087.8514, 6603.3881
5087.8514, 6603.7988
5087.8514, 6604.2094
5087.8514, 6604.62
5089.187, 6604.62
5089.187, 6605.0308
5089.187, 6605.4415
5089.187, 6605.8521
5089.187, 6606.2628
5089.187, 6606.6735
5090.5225, 6607.0842
5090.5225, 6607.4949
5090.5225, 6607.9055
5090.5225, 6608.3162
5090.5225, 6608.7269
5090.5225, 6609.1376
5091.858, 6609.5483
5091.858, 6609.1376
5091.858, 6608.7269
5093.1937, 6608.7269
5093.1937, 6608.3162
5091.858, 6608.3162
5093.1937, 6607.9055
5093.1937, 6607.4949
5093.1937, 6607.0842
5093.1937, 6606.6735
5093.1937, 6606.2628
5093.1937, 6605.8521
5093.1937, 6605.4415
5094.5292, 6605.0308
5094.5292, 6604.62
5094.5292, 6604.2094
5094.5292, 6603.7988
5094.5292, 6603.3881
5094.5292, 6602.9774
5094.5292, 6602.5667
5094.5292, 6602.1561
5095.8648, 6601.7454
5095.8648, 6601.3347
5095.8648, 6600.924
5095.8648, 6600.5133
5097.2003, 6600.1027
5097.2003, 6599.692
5097.2003, 6599.2812
5097.2003, 6598.8706
5098.5359, 6598.46
5099.8715, 6598.46
5099.8715, 6598.0493
5101.207, 6598.46
5101.207, 6598.8706
5102.5426, 6598.8706
5102.5426, 6599.2812
5102.5426, 6599.692
5103.878, 6600.1027
5103.878, 6600.5133
5103.878, 6600.924
5103.878, 6601.3347
5103.878, 6601.7454
5103.878, 6602.1561
5105.2137, 6602.1561
5105.2137, 6602.5667
5105.2137, 6602.9774
5105.2137, 6603.3881
5105.2137, 6603.7988
5105.2137, 6604.2094
5105.2137, 6604.62
5105.2137, 6605.0308
5106.5492, 6605.4415
5106.5492, 6605.8521
5106.5492, 6606.2628
5106.5492, 6606.6735
5106.5492, 6607.0842
5106.5492, 6607.4949
5107.8848, 6607.9055
5107.8848, 6608.3162
5107.8848, 6608.7269
5109.2204, 6608.7269
5109.2204, 6608.3162
5109.2204, 6607.9055
5109.2204, 6607.4949
5107.8848, 6607.4949
5109.2204, 6607.0842
5110.5558, 6607.0842
5110.5558, 6606.6735
5110.5558, 6606.2628
5110.5558, 6605.8521
5110.5558, 6605.4415
5110.5558, 6605.0308
5110.5558, 6604.62
5110.5558, 6604.2094
5110.5558, 6603.7988
5111.8915, 6603.3881
5111.8915, 6602.9774
5111.8915, 6602.5667
5111.8915, 6602.1561
5113.227, 6601.7454
5113.227, 6601.3347
5113.227, 6600.924
5114.5626, 6600.5133
5114.5626, 6600.1027
5115.8982, 6600.1027
5115.8982, 6599.692
5117.2337, 6600.1027
5117.2337, 6600.5133
5118.5693, 6600.5133
5118.5693, 6600.924
5118.5693, 6601.3347
5118.5693, 6601.7454
5118.5693, 6602.1561
5119.9048, 6602.1561
5119.9048, 6602.5667
5119.9048, 6602.9774
5119.9048, 6603.3881
5119.9048, 6603.7988
5119.9048, 6604.2094
5121.2404, 6604.2094
5121.2404, 6604.62
5121.2404, 6605.0308
5121.2404, 6605.4415
5121.2404, 6605.8521
5121.2404, 6606.2628
5121.2404, 6606.6735
5122.576, 6607.0842
5122.576, 6607.4949
5122.576, 6607.9055
5122.576, 6608.3162
5122.576, 6608.7269
5123.9115, 6608.7269
5123.9115, 6608.3162
5123.9115, 6607.9055
5123.9115, 6607.4949
5125.2471, 6607.4949
5125.2471, 6607.0842
5125.2471, 6606.6735
5125.2471, 6606.2628
5125.2471, 6605.8521
5125.2471, 6605.4415
5125.2471, 6605.0308
5125.2471, 6604.62
5125.2471, 6604.2094
5126.5826, 6603.7988
5126.5826, 6603.3881
5126.5826, 6602.9774
5126.5826, 6602.5667
5126.5826, 6602.1561
5127.9182, 6601.7454
5127.9182, 6601.3347
5127.9182, 6600.924
5127.9182, 6600.5133
5127.9182, 6600.1027
5129.2538, 6599.692
5130.5893, 6599.692
5130.5893, 6599.2812
5131.9249, 6599.2812
5131.9249, 6599.692
5131.9249, 6600.1027
5133.2604, 6600.1027
5133.2604, 6600.5133
5134.596, 6600.924
5134.596, 6601.3347
5134.596, 6601.7454
5134.596, 6602.1561
5134.596, 6602.5667
5135.9316, 6602.5667
5135.9316, 6602.9774
5135.9316, 6603.3881
5135.9316, 6603.7988
5135.9316, 6604.2094
5135.9316, 6604.62
5137.2671, 6604.62
5137.2671, 6605.0308
5137.2671, 6605.4415
5137.2671, 6605.8521
5137.2671, 6606.2628
5137.2671, 6606.6735
5137.2671, 6607.0842
5138.6027, 6607.4949
5138.6027, 6607.9055
5138.6027, 6608.3162
5138.6027, 6608.7269
5139.9382, 6608.7269
5139.9382, 6609.1376
5139.9382, 6608.7269
5139.9382, 6608.3162
5139.9382, 6607.9055
5139.9382, 6607.4949
5141.2738, 6607.4949
5141.2738, 6607.0842
5141.2738, 6606.6735
5141.2738, 6606.2628
5141.2738, 6605.8521
5141.2738, 6605.4415
5141.2738, 6605.0308
5141.2738, 6604.62
5142.6093, 6604.2094
5142.6093, 6603.7988
5142.6093, 6603.3881
5142.6093, 6602.9774
5142.6093, 6602.5667
5142.6093, 6602.1561
5142.6093, 6601.7454
5143.9449, 6601.3347
5143.9449, 6600.924
5143.9449, 6600.5133
5143.9449, 6600.1027
5145.2805, 6599.692
5145.2805, 6599.2812
5145.2805, 6598.8706
5146.616, 6598.46
5146.616, 6598.0493
5147.9516, 6598.0493
5147.9516, 6598.46
5149.2871, 6598.46
5149.2871, 6598.8706
5147.9516, 6598.8706
5146.616, 6598.8706
5146.616, 6599.2812
5147.9516, 6599.2812
5149.2871, 6599.2812
5150.6227, 6599.2812
5150.6227, 6599.692
5150.6227, 6600.1027
5150.6227, 6600.5133
5151.9583, 6600.5133
5151.9583, 6600.924
5151.9583, 6601.3347
5151.9583, 6601.7454
5151.9583, 6602.1561
5151.9583, 6602.5667
5151.9583, 6602.9774
5153.2938, 6602.9774
5153.2938, 6603.3881
5153.2938, 6603.7988
5153.2938, 6604.2094
5153.2938, 6604.62
5153.2938, 6605.0308
5153.2938, 6605.4415
5154.6294, 6605.8521
5154.6294, 6606.2628
5154.6294, 6606.6735
5154.6294, 6607.0842
5154.6294, 6607.4949
5154.6294, 6607.9055
5155.9649, 6608.3162
5155.9649, 6607.9055
5157.3005, 6607.9055
5157.3005, 6607.4949
5155.9649, 6607.4949
5155.9649, 6607.0842
5157.3005, 6607.0842
5157.3005, 6606.6735
5157.3005, 6606.2628
5157.3005, 6605.8521
5157.3005, 6605.4415
5157.3005, 6605.0308
5157.3005, 6604.62
5158.636, 6604.2094
5158.636, 6603.7988
5158.636, 6603.3881
5158.636, 6602.9774
5158.636, 6602.5667
5158.636, 6602.1561
5158.636, 6601.7454
5159.9716, 6601.3347
5159.9716, 6600.924
5159.9716, 6600.5133
5159.9716, 6600.1027
5159.9716, 6599.692
5161.3072, 6599.2812
5161.3072, 6598.8706
5161.3072, 6598.46
5162.6427, 6598.0493
5162.6427, 6597.6385
5163.9783, 6597.6385
5163.9783, 6597.2279
5165.3139, 6597.2279
5165.3139, 6597.6385
5166.6494, 6597.6385
5166.6494, 6598.0493
5166.6494, 6598.46
5167.9849, 6598.8706
5167.9849, 6599.2812
5167.9849, 6599.692
5167.9849, 6600.1027
5167.9849, 6600.5133
5167.9849, 6600.924
5169.3205, 6600.924
5169.3205, 6601.3347
5169.3205, 6601.7454
5169.3205, 6602.1561
5169.3205, 6602.5667
5169.3205, 6602.9774
5170.6561, 6603.3881
5170.6561, 6603.7988
5170.6561, 6604.2094
5170.6561, 6604.62
5170.6561, 6605.0308
5170.6561, 6605.4415
5170.6561, 6605.8521
5171.9917, 6606.2628
5171.9917, 6606.6735
5173.3272, 6606.6735
5173.3272, 6606.2628
5173.3272, 6605.8521
5171.9917, 6605.8521
5171.9917, 6605.4415
5173.3272, 6605.4415
5174.6627, 6605.0308
5174.6627, 6604.62
5174.6627, 6604.2094
5174.6627, 6603.7988
5174.6627, 6603.3881
5174.6627, 6602.9774
5174.6627, 6602.5667
5175.9983, 6602.1561
5175.9983, 6601.7454
5175.9983, 6601.3347
5175.9983, 6600.924
5175.9983, 6600.5133
5177.3338, 6600.1027
5177.3338, 6599.692
5178.6694, 6599.2812
5178.6694, 6598.8706
5180.005, 6598.8706
5180.005, 6598.46
5181.3406, 6598.8706
5181.3406, 6599.2812
5180.005, 6599.2812
5181.3406, 6599.692
5182.6761, 6600.1027
5184.0117, 6600.5133
5184.0117, 6600.924
5184.0117, 6601.3347
5184.0117, 6601.7454
5184.0117, 6602.1561
5184.0117, 6602.5667
5184.0117, 6602.9774
5185.3472, 6602.9774
5185.3472, 6603.3881
5185.3472, 6603.7988
5185.3472, 6604.2094
5185.3472, 6604.62
5185.3472, 6605.0308
5186.6827, 6605.4415
5186.6827, 6605.8521
5186.6827, 6606.2628
5188.0184, 6605.8521
5188.0184, 6605.4415
5188.0184, 6605.0308
5186.6827, 6605.0308
5186.6827, 6604.62
5188.0184, 6604.62
5188.0184, 6604.2094
5188.0184, 6603.7988
5188.0184, 6603.3881
5189.3538, 6603.3881
5189.3538, 6602.9774
5189.3538, 6602.5667
5189.3538, 6602.1561
5189.3538, 6601.7454
5189.3538, 6601.3347
5189.3538, 6600.924
5189.3538, 6600.5133
5190.6895, 6600.1027
5190.6895, 6599.692
5190.6895, 6599.2812
5190.6895, 6598.8706
5190.6895, 6598.46
5192.025, 6598.0493
5192.025, 6597.6385
5192.025, 6597.2279
5193.3606, 6596.8172
5193.3606, 6596.4066
5194.6962, 6596.4066
5194.6962, 6595.9959
5194.6962, 6596.4066
5196.0317, 6596.8172
5194.6962, 6596.8172
5194.6962, 6597.2279
5196.0317, 6597.2279
5197.3673, 6597.2279
5197.3673, 6597.6385
5197.3673, 6598.0493
5197.3673, 6598.46
5197.3673, 6598.8706
5198.7027, 6598.8706
5198.7027, 6599.2812
5198.7027, 6599.692
5198.7027, 6600.1027
5200.0384, 6600.1027
5200.0384, 6600.5133
5200.0384, 6600.924
5200.0384, 6601.3347
5200.0384, 6601.7454
5200.0384, 6602.1561
5200.0384, 6602.5667
5200.0384, 6602.9774
5201.374, 6603.3881
5201.374, 6603.7988
5201.374, 6604.2094
5201.374, 6604.62
5201.374, 6605.0308
5202.7095, 6605.0308
5202.7095, 6604.62
5202.7095, 6604.2094
5204.0451, 6604.2094
5204.0451, 6603.7988
5204.0451, 6603.3881
5204.0451, 6602.9774
5204.0451, 6602.5667
5204.0451, 6602.1561
5204.0451, 6601.7454
5204.0451, 6601.3347
5204.0451, 6600.924
5205.3806, 6600.5133
5205.3806, 6600.1027
5205.3806, 6599.692
5205.3806, 6599.2812
5205.3806, 6598.8706
5205.3806, 6598.46
5205.3806, 6598.0493
5206.7162, 6597.6385
5206.7162, 6597.2279
5206.7162, 6596.8172
5208.0518, 6596.4066
5208.0518, 6595.9959
5209.3873, 6595.5852
5210.7229, 6595.5852
5210.7229, 6595.1745
5212.0584, 6595.5852
5212.0584, 6595.9959
5210.7229, 6595.9959
5209.3873, 6595.9959
5209.3873, 6596.4066
5210.7229, 6596.4066
5212.0584, 6596.4066
5213.394, 6596.8172
5213.394, 6597.2279
5213.394, 6597.6385
5213.394, 6598.0493
5213.394, 6598.46
5214.7295, 6598.8706
5214.7295, 6599.2812
5214.7295, 6599.692
5214.7295, 6600.1027
5216.0651, 6600.1027
5216.0651, 6600.5133
5216.0651, 6600.924
5216.0651, 6601.3347
5216.0651, 6601.7454
5216.0651, 6602.1561
5217.4007, 6602.1561
5217.4007, 6602.5667
5217.4007, 6602.9774
5217.4007, 6603.3881
5217.4007, 6603.7988
5217.4007, 6604.2094
5217.4007, 6604.62
5217.4007, 6605.0308
5217.4007, 6605.4415
5218.7362, 6605.4415
5218.7362, 6605.0308
5220.0718, 6605.0308
5220.0718, 6604.62
5218.7362, 6604.62
5218.7362, 6604.2094
5220.0718, 6604.2094
5220.0718, 6603.7988
5220.0718, 6603.3881
5220.0718, 6602.9774
5220.0718, 6602.5667
5220.0718, 6602.1561
5221.4073, 6601.7454
5221.4073, 6601.3347
5221.4073, 6600.924
5221.4073, 6600.5133
5221.4073, 6600.1027
5221.4073, 6599.692
5221.4073, 6599.2812
5222.7429, 6598.8706
5222.7429, 6598.46
5222.7429, 6598.0493
5222.7429, 6597.6385
5222.7429, 6597.2279
5224.0785, 6596.8172
5224.0785, 6596.4066
5224.0785, 6595.9959
5225.414, 6595.5852
5226.7496, 6595.5852
5226.7496, 6595.1745
5226.7496, 6595.5852
5228.0851, 6595.9959
5226.7496, 6595.9959
5225.414, 6595.9959
5225.414, 6596.4066
5226.7496, 6596.4066
5228.0851, 6596.4066
5229.4207, 6596.8172
5229.4207, 6597.2279
5229.4207, 6597.6385
5229.4207, 6598.0493
5230.7563, 6598.0493
5230.7563, 6598.46
5230.7563, 6598.8706
5230.7563, 6599.2812
5230.7563, 6599.692
5232.0918, 6599.692
5232.0918, 6600.1027
5232.0918, 6600.5133
5232.0918, 6600.924
5232.0918, 6601.3347
5232.0918, 6601.7454
5232.0918, 6602.1561
5233.4274, 6602.5667
5233.4274, 6602.9774
5233.4274, 6603.3881
5233.4274, 6603.7988
5233.4274, 6604.2094
5233.4274, 6604.62
5233.4274, 6605.0308
5234.7629, 6605.0308
5236.0985, 6605.0308
5236.0985, 6604.62
5234.7629, 6604.62
5234.7629, 6604.2094
5236.0985, 6604.2094
5236.0985, 6603.7988
5236.0985, 6603.3881
5236.0985, 6602.9774
5236.0985, 6602.5667
5236.0985, 6602.1561
5237.4341, 6602.1561
5237.4341, 6601.7454
5237.4341, 6601.3347
5237.4341, 6600.924
5237.4341, 6600.5133
5237.4341, 6600.1027
5237.4341, 6599.692
5237.4341, 6599.2812
5237.4341, 6598.8706
5238.7696, 6598.46
5238.7696, 6598.0493
5238.7696, 6597.6385
5238.7696, 6597.2279
5240.1052, 6596.8172
5240.1052, 6596.4066
5240.1052, 6595.9959
5241.4407, 6595.5852
5241.4407, 6595.1745
5241.4407, 6594.7639
5242.7763, 6594.7639
5242.7763, 6595.1745
5244.1118, 6595.1745
5244.1118, 6595.5852
5245.4474, 6595.5852
5245.4474, 6595.9959
5245.4474, 6596.4066
5246.783, 6596.8172
5246.783, 6597.2279
5246.783, 6597.6385
5246.783, 6598.0493
5246.783, 6598.46
5246.783, 6598.8706
5248.1185, 6598.8706
5248.1185, 6599.2812
5248.1185, 6599.692
5248.1185, 6600.1027
5248.1185, 6600.5133
5248.1185, 6600.924
5249.4541, 6601.3347
5249.4541, 6601.7454
5249.4541, 6602.1561
5249.4541, 6602.5667
5249.4541, 6602.9774
5249.4541, 6603.3881
5250.7896, 6603.7988
5250.7896, 6604.2094
5250.7896, 6604.62
5252.1252, 6604.2094
5252.1252, 6603.7988
5252.1252, 6603.3881
5250.7896, 6603.3881
5252.1252, 6602.9774
5253.4607, 6602.5667
5253.4607, 6602.1561
5253.4607, 6601.7454
5253.4607, 6601.3347
5253.4607, 6600.924
5253.4607, 6600.5133
5253.4607, 6600.1027
5253.4607, 6599.692
5254.7963, 6599.2812
5254.7963, 6598.8706
5254.7963, 6598.46
5254.7963, 6598.0493
5256.1319, 6597.6385
5256.1319, 6597.2279
5256.1319, 6596.8172
5256.1319, 6596.4066
5257.4674, 6595.9959
5258.803, 6595.9959
5258.803, 6596.4066
5260.1386, 6596.4066
5260.1386, 6596.8172
5258.803, 6596.8172
5257.4674, 6596.8172
5257.4674, 6596.4066
5258.803, 6596.8172
5260.1386, 6597.2279
5260.1386, 6597.6385
5261.4741, 6597.6385
5261.4741, 6598.0493
5261.4741, 6598.46
5261.4741, 6598.8706
5262.8096, 6599.2812
5262.8096, 6599.692
5262.8096, 6600.1027
5264.1452, 6600.1027
5264.1452, 6600.5133
5264.1452, 6600.924
5264.1452, 6601.3347
5264.1452, 6601.7454
5264.1452, 6602.1561
5264.1452, 6602.5667
5264.1452, 6602.9774
5265.4808, 6602.9774
5265.4808, 6603.3881
5265.4808, 6603.7988
5266.8164, 6603.7988
5266.8164, 6603.3881
5266.8164, 6602.9774
5266.8164, 6602.5667
5265.4808, 6602.5667
5266.8164, 6602.1561
5268.1519, 6602.1561
5268.1519, 6601.7454
5268.1519, 6601.3347
5268.1519, 6600.924
5268.1519, 6600.5133
5268.1519, 6600.1027
5268.1519, 6599.692
5268.1519, 6599.2812
5268.1519, 6598.8706
5269.4875, 6598.46
5269.4875, 6598.0493
5269.4875, 6597.6385
5269.4875, 6597.2279
5269.4875, 6596.8172
5269.4875, 6596.4066
5270.823, 6595.9959
5270.823, 6595.5852
5270.823, 6595.1745
5270.823, 6594.7639
5272.1586, 6594.3532
5272.1586, 6593.9425
5273.4942, 6593.5318
5274.8296, 6593.5318
5274.8296, 6593.9425
5276.1653, 6593.9425
5276.1653, 6594.3532
5274.8296, 6594.3532
5273.4942, 6594.3532
5273.4942, 6593.9425
5273.4942, 6594.3532
5273.4942, 6594.7639
5274.8296, 6594.7639
5276.1653, 6594.7639
5276.1653, 6595.1745
5276.1653, 6595.5852
5277.5008, 6595.5852
5277.5008, 6595.9959
5277.5008, 6596.4066
5277.5008, 6596.8172
5277.5008, 6597.2279
5277.5008, 6597.6385
5278.8364, 6597.6385
5278.8364, 6598.0493
5278.8364, 6598.46
5278.8364, 6598.8706
5278.8364, 6599.2812
5280.172, 6599.2812
5280.172, 6599.692
5280.172, 6600.1027
5280.172, 6600.5133
5280.172, 6600.924
5280.172, 6601.3347
5281.5074, 6601.3347
5281.5074, 6601.7454
5281.5074, 6602.1561
5281.5074, 6602.5667
5281.5074, 6602.9774
5282.8431, 6602.9774
5282.8431, 6602.5667
5282.8431, 6602.1561
5282.8431, 6601.7454
5284.1786, 6601.7454
5284.1786, 6601.3347
5284.1786, 6600.924
5284.1786, 6600.5133
5284.1786, 6600.1027
5284.1786, 6599.692
5284.1786, 6599.2812
5284.1786, 6598.8706
5285.5142, 6598.46
5285.5142, 6598.0493
5285.5142, 6597.6385
5285.5142, 6597.2279
5285.5142, 6596.8172
5285.5142, 6596.4066
5286.8497, 6595.9959
5286.8497, 6595.5852
5286.8497, 6595.1745
5288.1853, 6594.7639
5288.1853, 6594.3532
5289.5209, 6594.3532
5289.5209, 6593.9425
5290.8564, 6593.9425
5290.8564, 6594.3532
5292.192, 6594.3532
5292.192, 6594.7639
5290.8564, 6594.7639
5289.5209, 6594.7639
5289.5209, 6595.1745
5290.8564, 6595.1745
5292.192, 6595.1745
5293.5274, 6595.1745
5293.5274, 6595.5852
5293.5274, 6595.9959
5293.5274, 6596.4066
5293.5274, 6596.8172
5293.5274, 6597.2279
5293.5274, 6597.6385
5294.8631, 6597.6385
5294.8631, 6598.0493
5294.8631, 6598.46
5294.8631, 6598.8706
5294.8631, 6599.2812
5294.8631, 6599.692
5296.1987, 6600.1027
5296.1987, 6600.5133
5296.1987, 6600.924
5296.1987, 6601.3347
5296.1987, 6601.7454
5296.1987, 6602.1561
5297.5342, 6602.5667
5297.5342, 6602.9774
5297.5342, 6603.3881
5297.5342, 6603.7988
5297.5342, 6604.2094
5297.5342, 6604.62
5297.5342, 6605.0308
5297.5342, 6605.4415
5298.8698, 6605.8521
5298.8698, 6606.2628
5298.8698, 6606.6735
5298.8698, 6607.0842
5300.2053, 6606.6735
5300.2053, 6606.2628
5300.2053, 6605.8521
5300.2053, 6605.4415
5298.8698, 6605.4415
5298.8698, 6605.0308
5300.2053, 6605.0308
5300.2053, 6604.62
5300.2053, 6604.2094
5301.5409, 6604.2094
5301.5409, 6603.7988
5301.5409, 6603.3881
5301.5409, 6602.9774
5301.5409, 6602.5667
5301.5409, 6602.1561
5302.8765, 6601.7454
5302.8765, 6601.3347
5302.8765, 6600.924
5302.8765, 6600.5133
5304.212, 6600.5133
5304.212, 6600.1027
5304.212, 6599.692
5304.212, 6599.2812
5305.5476, 6599.2812
5306.8831, 6599.2812
5308.2187, 6599.2812
5308.2187, 6599.692
5306.8831, 6599.692
5305.5476, 6599.692
5305.5476, 6600.1027
5306.8831, 6600.1027
5308.2187, 6600.1027
5309.5543, 6600.1027
5309.5543, 6600.5133
5309.5543, 6600.924
5309.5543, 6601.3347
5309.5543, 6601.7454
5309.5543, 6602.1561
5310.8898, 6602.5667
5310.8898, 6602.9774
5310.8898, 6603.3881
5310.8898, 6603.7988
5312.2254, 6603.7988
5312.2254, 6604.2094
5312.2254, 6604.62
5312.2254, 6605.0308
5312.2254, 6605.4415
5312.2254, 6605.8521
5312.2254, 6606.2628
5313.5609, 6606.2628
5313.5609, 6606.6735
5313.5609, 6607.0842
5313.5609, 6607.4949
5313.5609, 6607.9055
5313.5609, 6608.3162
5313.5609, 6608.7269
5313.5609, 6609.1376
5313.5609, 6609.5483
5314.8965, 6609.9588
5314.8965, 6610.3696
5314.8965, 6610.7803
5314.8965, 6611.191
5314.8965, 6611.6016
5316.2321, 6612.0123
5316.2321, 6611.6016
5317.5676, 6611.6016
5317.5676, 6611.191
5316.2321, 6611.191
5316.2321, 6610.7803
5317.5676, 6610.7803
5317.5676, 6610.3696
5317.5676, 6609.9588
5317.5676, 6609.5483
5317.5676, 6609.1376
5317.5676, 6608.7269
5317.5676, 6608.3162
5318.9032, 6607.9055
5318.9032, 6607.4949
5318.9032, 6607.0842
5318.9032, 6606.6735
5318.9032, 6606.2628
5318.9032, 6605.8521
5320.2387, 6605.4415
5320.2387, 6605.0308
5320.2387, 6604.62
5320.2387, 6604.2094
5321.5743, 6603.7988
5321.5743, 6603.3881
5322.9098, 6603.3881
5324.2454, 6603.3881
5324.2454, 6603.7988
5322.9098, 6603.7988
5322.9098, 6604.2094
5324.2454, 6604.2094
5325.581, 6604.2094
5325.581, 6604.62
5326.9165, 6605.0308
5326.9165, 6605.4415
5326.9165, 6605.8521
5326.9165, 6606.2628
5326.9165, 6606.6735
5326.9165, 6607.0842
5328.2521, 6607.0842
5328.2521, 6607.4949
5328.2521, 6607.9055
5328.2521, 6608.3162
5328.2521, 6608.7269
5328.2521, 6609.1376
5329.5876, 6609.5483
5329.5876, 6609.9588
5329.5876, 6610.3696
5329.5876, 6610.7803
5329.5876, 6611.191
5329.5876, 6611.6016
5329.5876, 6612.0123
5329.5876, 6612.423
5330.9232, 6612.8336
5330.9232, 6613.2444
5330.9232, 6613.655
5330.9232, 6614.0657
5330.9232, 6614.4764
5330.9232, 6614.8871
5330.9232, 6615.2977
5330.9232, 6615.7084
5332.2588, 6616.1191
5332.2588, 6615.7084
5332.2588, 6615.2977
5333.5943, 6615.2977
5333.5943, 6614.8871
5332.2588, 6614.8871
5333.5943, 6614.4764
5333.5943, 6614.0657
5333.5943, 6613.655
5333.5943, 6613.2444
5333.5943, 6612.8336
5334.9299, 6612.8336
5334.9299, 6612.423
5334.9299, 6612.0123
5334.9299, 6611.6016
5334.9299, 6611.191
5334.9299, 6610.7803
5336.2654, 6610.7803
5336.2654, 6610.3696
5336.2654, 6609.9588
5336.2654, 6609.5483
5336.2654, 6609.1376
5337.601, 6609.1376
5337.601, 6608.7269
5337.601, 6608.3162
5338.9365, 6608.3162
5340.2721, 6608.3162
5340.2721, 6608.7269
5341.6077, 6608.7269
5341.6077, 6609.1376
5340.2721, 6609.1376
5338.9365, 6609.1376
5338.9365, 6608.7269
5340.2721, 6609.1376
5341.6077, 6609.5483
5341.6077, 6609.9588
5341.6077, 6610.3696
5342.9432, 6610.3696
5342.9432, 6610.7803
5342.9432, 6611.191
5342.9432, 6611.6016
5342.9432, 6612.0123
5344.2788, 6612.0123
5344.2788, 6612.423
5344.2788, 6612.8336
5344.2788, 6613.2444
5344.2788, 6613.655
5344.2788, 6614.0657
5345.6143, 6614.0657
5345.6143, 6614.4764
5345.6143, 6614.8871
5345.6143, 6615.2977
5345.6143, 6615.7084
5345.6143, 6616.1191
5345.6143, 6616.5298
5345.6143, 6616.9405
5346.9499, 6617.3511
5346.9499, 6617.7618
5348.2854, 6617.7618
5348.2854, 6617.3511
5348.2854, 6616.9405
5346.9499, 6616.9405
5348.2854, 6616.5298
5348.2854, 6616.1191
5348.2854, 6615.7084
5348.2854, 6615.2977
5348.2854, 6614.8871
5349.621, 6614.8871
5349.621, 6614.4764
5349.621, 6614.0657
5349.621, 6613.655
5349.621, 6613.2444
5349.621, 6612.8336
5350.9566, 6612.8336
5350.9566, 6612.423
5350.9566, 6612.0123
5350.9566, 6611.6016
5350.9566, 6611.191
5352.2922, 6611.191
5352.2922, 6610.7803
5352.2922, 6610.3696
5353.6277, 6610.3696
5353.6277, 6609.9588
5353.6277, 6609.5483
5354.9633, 6609.5483
5354.9633, 6609.9588
5356.2988, 6609.9588
5356.2988, 6610.3696
5354.9633, 6610.3696
5356.2988, 6610.7803
5357.6343, 6610.7803
5357.6343, 6611.191
5357.6343, 6611.6016
5357.6343, 6612.0123
5357.6343, 6612.423
5357.6343, 6612.8336
5358.9699, 6612.8336
5358.9699, 6613.2444
5358.9699, 6613.655
5358.9699, 6614.0657
5358.9699, 6614.4764
5358.9699, 6614.8871
5358.9699, 6615.2977
5360.3054, 6615.7084
5360.3054, 6616.1191
5360.3054, 6616.5298
5360.3054, 6616.9405
5360.3054, 6617.3511
5361.6411, 6617.7618
5361.6411, 6618.1724
5361.6411, 6618.5832
5361.6411, 6618.9938
5361.6411, 6619.4045
5362.9766, 6618.9938
5362.9766, 6618.5832
5362.9766, 6618.1724
5362.9766, 6617.7618
5364.3122, 6617.7618
5364.3122, 6617.3511
5364.3122, 6616.9405
5364.3122, 6616.5298
5364.3122, 6616.1191
5364.3122, 6615.7084
5364.3122, 6615.2977
5365.6477, 6615.2977
5365.6477, 6614.8871
5365.6477, 6614.4764
5365.6477, 6614.0657
5365.6477, 6613.655
5365.6477, 6613.2444
5366.9832, 6612.8336
5366.9832, 6612.423
5366.9832, 6612.0123
5366.9832, 6611.6016
5368.3189, 6611.6016
5368.3189, 6611.191
5369.6543, 6611.6016
5369.6543, 6612.0123
5370.99, 6612.0123
5370.99, 6612.423
5370.99, 6612.8336
5370.99, 6613.2444
5370.99, 6613.655
5370.99, 6614.0657
5372.3255, 6614.0657
5372.3255, 6614.4764
5372.3255, 6614.8871
5372.3255, 6615.2977
5372.3255, 6615.7084
5372.3255, 6616.1191
5372.3255, 6616.5298
5373.6611, 6616.9405
5373.6611, 6617.3511
5373.6611, 6617.7618
5373.6611, 6618.1724
5373.6611, 6618.5832
5374.9967, 6618.5832
5374.9967, 6618.1724
5374.9967, 6617.7618
5376.3322, 6617.3511
5376.3322, 6616.9405
5377.6678, 6616.9405
5377.6678, 6616.5298
