#DataThief C:\Users\Andy.DESKTOP-CFRG05F\OneDrive - California Institute of Technology\Documents\Research\Kornfield\EXPERIMENTS\Italy\data\datathief\20190717_1028_1500kPa_mp1.PNG Wednesday 17-Jul-2019 12:06:12 PM
1811.6141, 13.9615
1811.6125, 13.9613
1811.6107, 13.9612
1811.609, 13.9611
1811.6072, 13.9609
1811.6055, 13.9609
1811.6037, 13.9607
1811.6019, 13.9606
1811.6002, 13.9605
1811.5984, 13.9604
1811.5967, 13.9603
1811.5949, 13.9601
1811.5931, 13.96
1811.5914, 13.9599
1811.5896, 13.9598
1811.5878, 13.9597
1811.5861, 13.9595
1811.5844, 13.9594
1811.5826, 13.9593
1811.5808, 13.9592
1811.5791, 13.959
1811.5773, 13.9588
1811.5756, 13.9588
1811.5737, 13.9586
1811.5721, 13.9586
1811.5703, 13.9585
1811.5685, 13.9583
1811.5668, 13.9582
1811.565, 13.9581
1811.5633, 13.958
1811.5615, 13.9578
1811.5598, 13.9577
1811.558, 13.9576
1811.5562, 13.9575
1811.5545, 13.9574
1811.5527, 13.9572
1811.551, 13.9571
1811.5492, 13.9569
1811.5474, 13.9569
1811.5457, 13.9567
1811.5439, 13.9566
1811.5422, 13.9565
1811.5404, 13.9564
1811.5387, 13.9563
1811.5369, 13.9562
1811.5352, 13.956
1811.5333, 13.9559
1811.5316, 13.9558
1811.5299, 13.9557
1811.5281, 13.9556
1811.5264, 13.9554
1811.5246, 13.9553
1811.5228, 13.9552
1811.5211, 13.955
1811.5192, 13.955
1811.5175, 13.9548
1811.5158, 13.9546
1811.5141, 13.9546
1811.5123, 13.9545
1811.5105, 13.9543
1811.5088, 13.9542
1811.507, 13.9541
1811.5053, 13.954
1811.5034, 13.9539
1811.5018, 13.9537
1811.5, 13.9536
1811.4982, 13.9535
1811.4965, 13.9534
1811.4947, 13.9533
1811.4929, 13.9531
1811.4912, 13.9529
1811.4895, 13.9529
1811.4877, 13.9527
1811.4859, 13.9527
1811.4842, 13.9525
1811.4824, 13.9524
1811.4807, 13.9523
1811.4788, 13.9522
1811.4772, 13.9521
1811.4754, 13.9519
1811.4736, 13.9518
1811.4719, 13.9517
1811.4701, 13.9516
1811.4684, 13.9515
1811.4666, 13.9513
1811.4647, 13.9512
1811.4631, 13.951
1811.4613, 13.951
1811.4596, 13.9508
1811.4578, 13.9506
1811.4561, 13.9506
1811.4543, 13.9505
1811.4525, 13.9504
1811.4508, 13.9502
1811.449, 13.9501
1811.4473, 13.95
1811.4455, 13.9499
1811.4438, 13.9498
1811.442, 13.9496
1811.4402, 13.9495
1811.4385, 13.9494
1811.4367, 13.9493
1811.435, 13.9492
1811.4332, 13.9489
1811.4315, 13.9489
1811.4297, 13.9487
1811.4279, 13.9487
1811.4262, 13.9485
1811.4243, 13.9484
1811.4227, 13.9483
1811.4209, 13.9482
1811.4192, 13.9481
1811.4174, 13.948
1811.4156, 13.9478
1811.4139, 13.9477
1811.4121, 13.9476
1811.4104, 13.9475
1811.4086, 13.9473
1811.4069, 13.9472
1811.4051, 13.9471
1811.4033, 13.947
1811.4016, 13.9468
1811.3998, 13.9466
1811.3981, 13.9466
1811.3963, 13.9465
1811.3945, 13.9464
1811.3928, 13.9463
1811.391, 13.9461
1811.3893, 13.946
1811.3875, 13.9459
1811.3858, 13.9458
1811.384, 13.9457
1811.3822, 13.9455
1811.3805, 13.9454
1811.3787, 13.9453
1811.377, 13.9452
1811.3752, 13.9451
1811.3735, 13.9449
1811.3717, 13.9447
1811.3699, 13.9447
1811.3682, 13.9445
1811.3664, 13.9445
1811.3647, 13.9443
1811.3629, 13.9442
1811.3612, 13.9441
1811.3594, 13.944
1811.3576, 13.9438
1811.3559, 13.9437
1811.3541, 13.9436
1811.3524, 13.9435
1811.3506, 13.9434
1811.3489, 13.9432
1811.3471, 13.9431
1811.3453, 13.943
1811.3436, 13.9428
1811.3418, 13.9428
1811.3401, 13.9426
1811.3383, 13.9425
1811.3365, 13.9424
1811.3348, 13.9423
1811.333, 13.9422
1811.3313, 13.942
1811.3295, 13.9419
1811.3277, 13.9418
1811.326, 13.9417
1811.3242, 13.9416
1811.3225, 13.9414
1811.3207, 13.9413
1811.319, 13.9412
1811.3172, 13.9411
1811.3155, 13.9409
1811.3136, 13.9407
1811.3119, 13.9407
1811.3102, 13.9405
1811.3084, 13.9405
1811.3067, 13.9403
1811.3049, 13.9402
1811.3032, 13.9401
1811.3014, 13.94
1811.2995, 13.9399
1811.2979, 13.9397
1811.2961, 13.9396
1811.2944, 13.9395
1811.2926, 13.9394
1811.2909, 13.9393
1811.2891, 13.9391
1811.2873, 13.939
1811.2856, 13.9388
1811.2838, 13.9388
1811.2821, 13.9386
1811.2803, 13.9385
1811.2786, 13.9384
1811.2768, 13.9383
1811.275, 13.9382
1811.2732, 13.9381
1811.2715, 13.9379
1811.2698, 13.9378
1811.268, 13.9377
1811.2662, 13.9376
1811.2645, 13.9375
1811.2627, 13.9373
1811.261, 13.9372
1811.2591, 13.9371
1811.2575, 13.937
1811.2557, 13.9367
1811.2539, 13.9367
1811.2522, 13.9365
1811.2504, 13.9365
1811.2487, 13.9364
1811.2469, 13.9362
1811.2452, 13.9361
1811.2434, 13.936
1811.2416, 13.9359
1811.2399, 13.9358
1811.2381, 13.9356
1811.2364, 13.9355
1811.2346, 13.9354
1811.2328, 13.9353
1811.2346, 13.9354
1811.2364, 13.9355
1813.073, 13.9356
1813.0747, 13.9358
1813.0765, 13.9359
1814.9131, 13.936
1814.9149, 13.9361
1814.9165, 13.9362
1814.9184, 13.9364
1814.9202, 13.9365
1814.9219, 13.9365
1814.9237, 13.9367
1814.9254, 13.9367
1816.762, 13.937
1816.7638, 13.9371
1816.7656, 13.9372
1816.7673, 13.9373
1818.6038, 13.9375
1818.6057, 13.9376
1818.6075, 13.9377
1818.6092, 13.9378
1818.611, 13.9379
1818.6127, 13.9381
1820.4493, 13.9382
1820.4511, 13.9383
1820.4529, 13.9384
1820.4546, 13.9385
1822.2912, 13.9386
1822.293, 13.9388
1822.2948, 13.9388
1822.2965, 13.939
1824.1331, 13.9391
1824.1349, 13.9393
1824.1366, 13.9394
1824.1384, 13.9395
1825.975, 13.9396
1825.9768, 13.9397
1825.9785, 13.9399
1825.9803, 13.94
1827.8169, 13.9401
1827.8187, 13.9402
1827.8204, 13.9403
1827.8222, 13.9405
1829.6588, 13.9405
1829.6606, 13.9407
1829.6623, 13.9407
1829.6641, 13.9409
1831.5007, 13.9411
1831.5025, 13.9412
1833.3391, 13.9413
1833.3408, 13.9414
1833.3426, 13.9416
1833.3444, 13.9417
1835.181, 13.9418
1835.1827, 13.9419
1837.0194, 13.942
1837.0211, 13.9422
1837.0229, 13.9423
1837.0246, 13.9424
1838.8612, 13.9425
1838.863, 13.9426
1840.6996, 13.9428
1840.7014, 13.9428
1842.538, 13.943
1842.5398, 13.9431
1842.5415, 13.9432
1842.5433, 13.9434
1844.3799, 13.9435
1844.3816, 13.9436
1846.2183, 13.9437
1846.22, 13.9438
1848.0566, 13.944
1848.0584, 13.9441
1848.0602, 13.9442
1848.0619, 13.9443
1849.8984, 13.9445
1849.9003, 13.9445
1851.7368, 13.9447
1851.7387, 13.9447
1853.5753, 13.9449
1853.5771, 13.9451
1855.4137, 13.9452
1855.4154, 13.9453
1857.252, 13.9454
1857.2538, 13.9455
1859.0904, 13.9457
1859.0922, 13.9458
1860.9287, 13.9459
1860.9306, 13.946
1862.7671, 13.9461
1862.7689, 13.9463
1864.6056, 13.9464
1864.6073, 13.9465
1866.4439, 13.9466
1866.4457, 13.9466
1868.2823, 13.9468
1868.2841, 13.947
1870.1207, 13.9471
1870.1224, 13.9472
1871.959, 13.9473
1871.9607, 13.9475
1873.7974, 13.9476
1873.7992, 13.9477
1875.6358, 13.9478
1875.6376, 13.948
1877.4742, 13.9481
1879.3091, 13.9481
1881.1457, 13.9482
1881.1474, 13.9483
1881.1492, 13.9484
1882.9841, 13.9484
1884.8207, 13.9485
1884.8224, 13.9487
1884.8242, 13.9487
1886.6591, 13.9487
1888.4957, 13.9489
1888.4974, 13.9489
1888.4992, 13.9492
1890.3341, 13.9492
1892.1707, 13.9493
1892.1724, 13.9494
1892.1742, 13.9495
1894.0091, 13.9495
1895.8457, 13.9496
1895.8474, 13.9498
1895.8492, 13.9499
1897.684, 13.9499
1899.5207, 13.95
1899.5224, 13.9501
1901.359, 13.9502
1901.3608, 13.9504
1903.1974, 13.9505
1903.1992, 13.9506
1905.0358, 13.9506
1906.8707, 13.9506
1908.7073, 13.9508
1908.709, 13.951
1910.5457, 13.951
1912.3805, 13.951
1914.2171, 13.9512
1914.2189, 13.9513
1916.0555, 13.9515
1916.0573, 13.9516
1917.8939, 13.9517
1919.7288, 13.9517
1921.5654, 13.9518
1921.5671, 13.9519
1923.4038, 13.9521
1925.2386, 13.9521
1927.0752, 13.9522
1927.077, 13.9523
1928.9136, 13.9524
1930.7485, 13.9524
1932.5851, 13.9525
1932.5869, 13.9527
1934.4235, 13.9527
1936.2583, 13.9527
1938.095, 13.9529
1938.0967, 13.9529
1939.9333, 13.9531
1941.7682, 13.9531
1943.6048, 13.9533
1943.6066, 13.9534
1945.4432, 13.9535
1947.2781, 13.9535
1949.1147, 13.9536
1950.9495, 13.9536
1952.7862, 13.9537
1952.7879, 13.9539
1954.6245, 13.954
1956.4594, 13.954
1958.2943, 13.954
1958.296, 13.9541
1960.1326, 13.9542
1961.9675, 13.9542
1963.8024, 13.9542
1963.8041, 13.9543
1965.6407, 13.9545
1967.4756, 13.9545
1969.3122, 13.9546
1971.1471, 13.9546
1972.9837, 13.9546
1974.8186, 13.9546
1976.6552, 13.9548
1976.6569, 13.955
1978.4936, 13.955
1980.3284, 13.955
1982.1633, 13.955
1982.165, 13.9552
1984.0017, 13.9553
1985.8365, 13.9553
1987.6714, 13.9553
1989.5063, 13.9553
1991.3429, 13.9554
1993.1777, 13.9554
1995.0144, 13.9556
1995.0161, 13.9557
1996.8527, 13.9558
1998.6876, 13.9558
2000.5225, 13.9558
2002.3573, 13.9558
2004.1939, 13.9559
2006.0288, 13.9559
2007.8654, 13.956
2009.7003, 13.956
2011.5369, 13.9562
2013.3718, 13.9562
2015.2084, 13.9563
2017.0433, 13.9563
2018.8799, 13.9564
2020.7147, 13.9564
2022.5495, 13.9564
2024.3845, 13.9564
2026.2211, 13.9565
2028.0559, 13.9565
2029.8925, 13.9566
2031.7274, 13.9566
2033.564, 13.9567
2035.3989, 13.9567
2037.2338, 13.9567
2039.0686, 13.9567
2040.9053, 13.9569
2042.7401, 13.9569
2044.5767, 13.9569
2046.4116, 13.9569
2048.2465, 13.9569
2050.0813, 13.9569
2051.9179, 13.9571
2053.7528, 13.9571
2055.5877, 13.9571
2057.4224, 13.9571
2059.2591, 13.9572
2061.094, 13.9572
2062.9289, 13.9572
2064.7637, 13.9572
2066.6004, 13.9574
2068.4352, 13.9574
2070.2701, 13.9574
2072.1049, 13.9574
2073.9416, 13.9575
2075.7764, 13.9575
2077.6113, 13.9575
2079.4461, 13.9575
2081.2828, 13.9576
2083.1176, 13.9576
2084.9525, 13.9576
2086.7873, 13.9576
2088.624, 13.9577
2090.4588, 13.9577
2092.2937, 13.9577
2094.1286, 13.9577
2095.9651, 13.9578
2097.8, 13.9578
2099.6349, 13.9578
2101.4698, 13.9578
2103.3046, 13.9578
2105.1395, 13.9578
2106.9744, 13.9578
2108.8092, 13.9578
2110.6458, 13.958
2112.4807, 13.958
2114.3155, 13.958
2116.1504, 13.958
2117.9853, 13.958
2119.8202, 13.958
2121.6568, 13.9581
2123.4916, 13.9581
2125.3265, 13.9581
2127.1614, 13.9581
2128.9962, 13.9581
2130.8311, 13.9581
2132.6677, 13.9582
2134.5026, 13.9582
2136.3374, 13.9582
2138.1723, 13.9582
2140.0072, 13.9582
2141.842, 13.9582
2143.6768, 13.9582
2145.5117, 13.9582
2147.3484, 13.9583
2149.1832, 13.9583
2151.0181, 13.9583
2152.8529, 13.9583
2154.6878, 13.9583
2156.5227, 13.9583
2158.3575, 13.9583
2160.1924, 13.9583
2162.0273, 13.9583
2163.862, 13.9583
2165.697, 13.9583
2167.5318, 13.9583
2169.3685, 13.9585
2171.2033, 13.9585
2173.0382, 13.9585
2174.8731, 13.9585
2176.7079, 13.9585
2178.5428, 13.9585
2180.3776, 13.9585
2182.2125, 13.9585
2184.0474, 13.9585
2185.8822, 13.9585
2187.717, 13.9585
2189.552, 13.9585
2191.3868, 13.9585
2193.2217, 13.9585
2195.0583, 13.9586
2196.8932, 13.9586
2198.728, 13.9586
2200.5629, 13.9586
2202.3977, 13.9586
2204.2326, 13.9586
2206.0675, 13.9586
2207.9022, 13.9586
2209.7372, 13.9586
2211.5721, 13.9586
2213.4069, 13.9586
2215.2418, 13.9586
2217.0766, 13.9586
2218.9115, 13.9586
2220.7464, 13.9586
2222.5812, 13.9586
2224.4161, 13.9586
2226.251, 13.9586
2228.0858, 13.9586
2229.9207, 13.9586
2231.7555, 13.9586
2233.5904, 13.9586
2235.4253, 13.9586
2237.2601, 13.9586
2239.0968, 13.9586
2240.9316, 13.9586
2242.7665, 13.9586
2244.6013, 13.9586
2246.4362, 13.9586
2248.2711, 13.9586
2250.1059, 13.9586
2251.9407, 13.9586
2253.7757, 13.9586
2255.6105, 13.9586
2257.4454, 13.9586
2259.2802, 13.9586
2261.1151, 13.9586
2262.95, 13.9586
2264.7848, 13.9586
2266.6197, 13.9586
2268.4546, 13.9586
2270.2894, 13.9586
2272.1243, 13.9586
2273.959, 13.9586
2275.794, 13.9586
2277.6289, 13.9586
2279.4637, 13.9586
2281.2986, 13.9586
2283.1334, 13.9586
2284.9683, 13.9586
2286.8032, 13.9586
2288.638, 13.9586
2290.4729, 13.9586
2292.3078, 13.9586
2294.1426, 13.9586
2295.9775, 13.9586
2297.8141, 13.9588
2299.649, 13.9588
2301.4838, 13.9588
2303.3187, 13.9588
2305.1536, 13.9588
2306.9884, 13.9588
2308.8233, 13.9588
2310.6581, 13.9588
2312.4929, 13.9588
2314.3279, 13.9588
2316.1627, 13.9588
2317.9976, 13.9588
2319.8325, 13.9588
2321.6673, 13.9588
2323.5022, 13.9588
2325.337, 13.9588
2327.1719, 13.9588
2329.0068, 13.9588
2330.8416, 13.9588
2332.6764, 13.9588
2334.5114, 13.9588
2336.3462, 13.9588
2338.1811, 13.9588
2340.0159, 13.9588
2341.8508, 13.9588
2343.6857, 13.9588
2345.5205, 13.9588
2347.3554, 13.9588
2349.1903, 13.9588
2351.0251, 13.9588
2352.8599, 13.9588
2354.6947, 13.9588
2356.5297, 13.9588
2358.3646, 13.9588
2360.1994, 13.9588
2362.0343, 13.9588
2363.8692, 13.9588
2365.704, 13.9588
2367.5389, 13.9588
2369.3737, 13.9588
2371.2086, 13.9588
2373.0435, 13.9588
2374.8782, 13.9588
2376.7132, 13.9588
2378.5481, 13.9588
2380.3829, 13.9588
2382.2178, 13.9588
2384.0526, 13.9588
2385.8875, 13.9588
2387.7224, 13.9588
2389.5572, 13.9588
2391.3921, 13.9588
2393.2269, 13.9588
2395.0618, 13.9588
2396.8967, 13.9588
2398.7315, 13.9588
2400.5664, 13.9588
2402.4013, 13.9588
2404.2361, 13.9588
2406.071, 13.9588
2407.9058, 13.9588
2409.7407, 13.9588
2411.5756, 13.9588
2413.4104, 13.9588
2415.2453, 13.9588
2417.0802, 13.9588
2418.915, 13.9588
2420.7499, 13.9588
2422.5847, 13.9588
2424.4196, 13.9588
2426.2545, 13.9588
2428.0893, 13.9588
2429.9242, 13.9588
2431.7591, 13.9588
2433.5939, 13.9588
2435.4288, 13.9588
2437.2636, 13.9588
2439.0985, 13.9588
2440.9334, 13.9588
2442.7682, 13.9588
2444.6031, 13.9588
2446.438, 13.9588
2448.2728, 13.9588
2450.1077, 13.9588
2451.9425, 13.9588
2453.7774, 13.9588
2455.6122, 13.9588
2457.4471, 13.9588
2459.282, 13.9588
2461.1169, 13.9588
2462.9517, 13.9588
2464.7866, 13.9588
2466.6214, 13.9588
2468.4563, 13.9588
2470.2912, 13.9588
2472.126, 13.9588
2473.9609, 13.9588
2475.7957, 13.9588
2477.6306, 13.9588
2479.4655, 13.9588
2481.3003, 13.9588
2483.1352, 13.9588
2484.9701, 13.9588
2486.8049, 13.9588
2488.6398, 13.9588
2490.4747, 13.9588
2492.3094, 13.9588
2494.1444, 13.9588
2495.9792, 13.9588
2497.8141, 13.9588
2499.649, 13.9588
2501.4838, 13.9588
2503.3187, 13.9588
2505.1536, 13.9588
2506.9884, 13.9588
2508.8233, 13.9588
2510.6581, 13.9588
2512.4929, 13.9588
2514.3279, 13.9588
2516.1627, 13.9588
2517.9976, 13.9588
2519.8325, 13.9588
2521.6673, 13.9588
2523.5022, 13.9588
2525.337, 13.9588
2527.1719, 13.9588
2529.0068, 13.9588
2530.8416, 13.9588
2532.6764, 13.9588
2534.5114, 13.9588
2536.3462, 13.9588
2538.1811, 13.9588
2540.0159, 13.9588
2541.8508, 13.9588
2543.6857, 13.9588
2545.5205, 13.9588
2547.3554, 13.9588
2549.1903, 13.9588
2551.0251, 13.9588
2552.8599, 13.9588
2554.6947, 13.9588
2556.5297, 13.9588
2558.3646, 13.9588
2560.1994, 13.9588
2562.0343, 13.9588
2563.8692, 13.9588
2565.704, 13.9588
2567.5389, 13.9588
2569.3737, 13.9588
2571.2086, 13.9588
2573.0435, 13.9588
2574.8782, 13.9588
2576.7132, 13.9588
2578.5481, 13.9588
2580.3829, 13.9588
2582.2178, 13.9588
2584.0526, 13.9588
2585.8875, 13.9588
2587.7224, 13.9588
2589.5572, 13.9588
2591.3921, 13.9588
2593.2269, 13.9588
2595.0618, 13.9588
2596.8967, 13.9588
2598.7315, 13.9588
2600.5664, 13.9588
2602.4013, 13.9588
2604.2361, 13.9588
2606.071, 13.9588
2607.9058, 13.9588
2609.7407, 13.9588
2611.5756, 13.9588
2613.4104, 13.9588
2615.2453, 13.9588
2617.0802, 13.9588
2618.915, 13.9588
2620.7499, 13.9588
2622.5847, 13.9588
2624.4196, 13.9588
2626.2545, 13.9588
2628.0893, 13.9588
2629.9242, 13.9588
2631.7591, 13.9588
2633.5939, 13.9588
2635.4288, 13.9588
2637.2636, 13.9588
2639.0985, 13.9588
2640.9334, 13.9588
2642.7682, 13.9588
2644.6031, 13.9588
2646.438, 13.9588
2648.2728, 13.9588
2650.1077, 13.9588
2651.9425, 13.9588
2653.7774, 13.9588
2655.6122, 13.9588
2657.4471, 13.9588
2659.282, 13.9588
2661.1169, 13.9588
2662.9517, 13.9588
2664.7866, 13.9588
2666.6214, 13.9588
2668.4563, 13.9588
2670.2912, 13.9588
2672.126, 13.9588
2673.9609, 13.9588
2675.7957, 13.9588
2677.6306, 13.9588
2679.4655, 13.9588
2681.3003, 13.9588
2683.1352, 13.9588
2684.9701, 13.9588
2686.8049, 13.9588
2688.6398, 13.9588
2690.4747, 13.9588
2692.3094, 13.9588
2694.1444, 13.9588
2695.9792, 13.9588
2697.8141, 13.9588
2699.649, 13.9588
2701.4838, 13.9588
2703.3187, 13.9588
2705.1536, 13.9588
2706.9884, 13.9588
2708.8233, 13.9588
2710.6581, 13.9588
2712.4929, 13.9588
2714.3279, 13.9588
2716.1627, 13.9588
2717.9976, 13.9588
2719.8307, 13.9586
