#DataThief C:\Users\Andy.DESKTOP-CFRG05F\OneDrive - California Institute of Technology\Documents\Research\Kornfield\EXPERIMENTS\Italy\data\datathief\20190719_1347_7200kPa_T.PNG Wednesday 24-Jul-2019 10:04:10 AM
5379.0017, 59.6571
5379.4524, 59.6653
5379.4524, 59.6735
5379.4524, 59.6817
5379.4524, 59.6899
5379.4524, 59.6982
5379.4524, 59.7064
5379.4524, 59.7146
5379.4524, 59.7227
5379.4524, 59.7309
5379.4524, 59.7391
5379.4524, 59.7473
5379.4524, 59.7556
5379.4524, 59.7639
5379.4524, 59.7721
5379.4524, 59.7803
5379.4524, 59.7885
5379.4524, 59.7967
5379.4524, 59.8049
5379.4524, 59.8131
5379.4524, 59.8214
5379.9032, 59.8296
5379.9032, 59.8378
5379.9032, 59.846
5379.9032, 59.8542
5379.9032, 59.8624
5379.9032, 59.8706
5379.9032, 59.8789
5379.9032, 59.8871
5379.9032, 59.8953
5379.9032, 59.9035
5379.9032, 59.9117
5380.3538, 59.9199
5380.3538, 59.9281
5380.3538, 59.9363
5380.3538, 59.9445
5380.8047, 59.9527
5380.8047, 59.9609
5380.8047, 59.9691
5381.2554, 59.9774
5381.7062, 59.9774
5382.1569, 59.9774
5382.6077, 59.9774
5383.0584, 59.9774
5383.5091, 59.9774
5383.9599, 59.9774
5384.4107, 59.9774
5384.8614, 59.9774
5385.3122, 59.9774
5385.7629, 59.9774
5386.2137, 59.9774
5386.6644, 59.9774
5387.1152, 59.9774
5387.5659, 59.9774
5388.0167, 59.9774
5388.4674, 59.9691
5388.9182, 59.9691
5389.3689, 59.9609
5389.8197, 59.9609
5390.2705, 59.9609
5390.2705, 59.9527
5390.2705, 59.9445
5390.7212, 59.9445
5391.172, 59.9445
5391.6227, 59.9445
5392.0735, 59.9445
5392.5242, 59.9445
5392.975, 59.9445
5393.4257, 59.9445
5393.8765, 59.9445
5394.3272, 59.9445
5394.778, 59.9445
5395.2287, 59.9445
5395.6795, 59.9445
5396.1302, 59.9445
5396.581, 59.9445
5397.0317, 59.9445
5397.4825, 59.9445
5397.9332, 59.9445
5397.9332, 59.9527
5398.384, 59.9609
5398.8347, 59.9609
5399.2854, 59.9609
5399.7362, 59.9609
5400.187, 59.9609
5400.6377, 59.9609
5401.0885, 59.9609
5401.5392, 59.9609
5401.5392, 59.9527
5401.99, 59.9445
5402.4407, 59.9445
5402.8915, 59.9363
5403.3422, 59.9363
5403.793, 59.9363
5403.793, 59.9281
5404.2437, 59.9281
5404.6945, 59.9281
5405.1452, 59.9281
5405.596, 59.9281
5406.0467, 59.9281
5406.4975, 59.9281
5406.9482, 59.9281
5407.399, 59.9281
5407.8497, 59.9281
5408.3005, 59.9281
5408.7513, 59.9281
5409.202, 59.9281
5409.6528, 59.9281
5410.1035, 59.9281
5410.5543, 59.9281
5411.005, 59.9281
5411.4558, 59.9281
5411.9064, 59.9281
5412.3573, 59.9281
5412.808, 59.9363
5413.2588, 59.9363
5413.7095, 59.9363
5414.1602, 59.9363
5414.611, 59.9363
5415.0618, 59.9363
5415.5125, 59.9363
5415.9633, 59.9363
5416.414, 59.9363
5416.8648, 59.9445
5417.3155, 59.9445
5417.7663, 59.9445
5418.217, 59.9445
5418.6678, 59.9445
5419.1185, 59.9445
5419.5693, 59.9445
5420.02, 59.9363
5420.4708, 59.9363
5420.9215, 59.9363
5421.3723, 59.9363
5421.823, 59.9281
5422.2738, 59.9281
5422.7245, 59.9281
5423.1753, 59.9281
5423.626, 59.9281
5424.0768, 59.9281
5424.5274, 59.9281
5424.9783, 59.9281
5425.429, 59.9281
5425.8798, 59.9363
5426.3306, 59.9363
5426.7812, 59.9363
5427.2321, 59.9363
5427.6827, 59.9363
5428.1336, 59.9363
5428.5843, 59.9445
5429.0351, 59.9445
5429.4858, 59.9445
5429.9365, 59.9445
5430.3873, 59.9445
5430.838, 59.9445
5431.2888, 59.9445
5431.7396, 59.9445
5432.1903, 59.9445
5432.6411, 59.9445
5433.0918, 59.9445
5433.5426, 59.9445
5433.9933, 59.9445
5434.4441, 59.9445
5434.8948, 59.9445
5435.3456, 59.9363
5435.7963, 59.9363
5436.2471, 59.9363
5436.6978, 59.9363
5437.1486, 59.9363
5437.5993, 59.9363
5438.0501, 59.9363
5438.5008, 59.9363
5438.9516, 59.9363
5439.4022, 59.9363
5439.8531, 59.9363
5440.3038, 59.9445
5440.7546, 59.9445
5441.2053, 59.9445
5441.6561, 59.9445
5442.1068, 59.9445
5442.1068, 59.9527
5442.1068, 59.9609
5442.5575, 59.9609
5443.0083, 59.9609
5443.4591, 59.9609
5443.9098, 59.9609
5444.3606, 59.9609
5444.8114, 59.9609
5445.2621, 59.9609
5445.7128, 59.9609
5446.1636, 59.9609
5446.6143, 59.9609
5446.6143, 59.9527
5447.0651, 59.9445
5447.5159, 59.9445
5447.9666, 59.9445
5448.4174, 59.9445
5448.8681, 59.9445
5449.3189, 59.9445
5449.7696, 59.9445
5450.2204, 59.9445
5450.6711, 59.9445
5451.1219, 59.9445
5451.5726, 59.9445
5452.0234, 59.9445
5452.0234, 59.9527
5452.4741, 59.9609
5452.9249, 59.9609
5453.3756, 59.9609
5453.8264, 59.9609
5454.2771, 59.9609
5454.7279, 59.9609
5455.1786, 59.9609
5455.6294, 59.9609
5456.0801, 59.9609
5456.0801, 59.9691
5456.5309, 59.9691
5456.9816, 59.9691
5457.4324, 59.9691
5457.8831, 59.9691
5458.3338, 59.9691
5458.7846, 59.9691
5459.2354, 59.9691
5459.6861, 59.9691
5460.1369, 59.9691
5460.5876, 59.9691
5461.0384, 59.9609
5461.4891, 59.9609
5461.4891, 59.9527
5461.4891, 59.9445
5461.9399, 59.9445
5462.3907, 59.9445
5462.8414, 59.9445
5463.2922, 59.9445
5463.7429, 59.9445
5464.1937, 59.9445
5464.6444, 59.9445
5465.0952, 59.9445
5465.5459, 59.9445
5465.9967, 59.9445
5466.4474, 59.9445
5466.8982, 59.9445
5467.3489, 59.9445
5467.7997, 59.9445
5468.2504, 59.9445
5468.2504, 59.9527
5468.7012, 59.9609
5469.1519, 59.9609
5469.6027, 59.9609
5470.0534, 59.9609
5470.5042, 59.9609
5470.9548, 59.9609
5471.4057, 59.9609
5471.8564, 59.9609
5472.3072, 59.9609
5472.7579, 59.9609
5472.7579, 59.9691
5473.2086, 59.9691
5473.6594, 59.9691
5474.1102, 59.9691
5474.5609, 59.9691
5475.0117, 59.9691
5475.4624, 59.9691
5475.9132, 59.9609
5476.3639, 59.9609
5476.3639, 59.9527
5476.8147, 59.9445
5477.2654, 59.9445
5477.7162, 59.9445
5478.1669, 59.9445
5478.6177, 59.9445
5479.0684, 59.9445
5479.5192, 59.9445
5479.9699, 59.9445
5480.4207, 59.9445
5480.8715, 59.9445
5481.3222, 59.9445
5481.773, 59.9445
5482.2237, 59.9445
5482.6745, 59.9445
5483.1252, 59.9445
5483.576, 59.9445
5483.576, 59.9527
5484.0267, 59.9609
5484.4775, 59.9609
5484.9282, 59.9609
5484.9282, 59.9527
5485.379, 59.9445
5485.8296, 59.9445
5486.2805, 59.9445
5486.7311, 59.9445
5487.182, 59.9363
5487.6327, 59.9363
5488.0835, 59.9363
5488.5342, 59.9363
5488.9849, 59.9363
5489.4357, 59.9363
5489.8864, 59.9363
5490.3372, 59.9363
5490.788, 59.9363
5491.2387, 59.9363
5491.6895, 59.9363
5492.1402, 59.9363
5492.591, 59.9363
5493.0417, 59.9363
5493.4925, 59.9363
5493.9432, 59.9445
5494.394, 59.9445
5494.8447, 59.9445
5495.2955, 59.9445
5495.7462, 59.9445
5496.197, 59.9445
5496.6477, 59.9445
5497.0985, 59.9445
5497.0985, 59.9527
5497.0985, 59.9609
5497.5492, 59.9609
5498.0, 59.9609
5498.4508, 59.9609
5498.9015, 59.9609
5499.3523, 59.9609
5499.803, 59.9609
5500.2538, 59.9609
5500.7045, 59.9609
5501.1553, 59.9609
5501.6059, 59.9609
5502.0568, 59.9609
5502.0568, 59.9527
5502.5074, 59.9445
5502.9583, 59.9445
5503.409, 59.9445
5503.8598, 59.9445
5504.3105, 59.9445
5504.7612, 59.9445
5505.212, 59.9445
5505.6627, 59.9445
5506.1135, 59.9445
5506.5643, 59.9445
5507.015, 59.9445
5507.4658, 59.9445
5507.9165, 59.9445
5507.9165, 59.9527
5508.3673, 59.9609
5508.818, 59.9609
5509.2688, 59.9609
5509.7195, 59.9609
5510.1703, 59.9609
5510.1703, 59.9691
5510.621, 59.9691
5511.0718, 59.9691
5511.5225, 59.9691
5511.5225, 59.9774
5511.9733, 59.9774
5512.424, 59.9774
5512.8748, 59.9774
5513.3255, 59.9774
5513.7763, 59.9774
5514.227, 59.9774
5514.6778, 59.9774
5515.1285, 59.9774
5515.5793, 59.9774
5516.0301, 59.9774
5516.4808, 59.9691
5516.9316, 59.9691
5517.3822, 59.9691
5517.8331, 59.9691
5518.2838, 59.9691
5518.7346, 59.9691
5519.1853, 59.9691
5519.636, 59.9691
5520.0868, 59.9691
5520.5375, 59.9691
5520.9883, 59.9691
5521.4391, 59.9691
5521.8898, 59.9691
5522.3406, 59.9691
5522.7913, 59.9691
5523.2421, 59.9691
5523.6928, 59.9691
5524.1436, 59.9691
5524.5943, 59.9691
5525.0451, 59.9691
5525.4958, 59.9691
5525.9466, 59.9691
5526.3973, 59.9691
5526.8481, 59.9774
5527.2988, 59.9774
5527.7496, 59.9774
5528.2003, 59.9774
5528.6511, 59.9774
5529.1018, 59.9774
5529.5526, 59.9774
5530.0033, 59.9774
5530.4541, 59.9774
5530.9048, 59.9691
5531.3556, 59.9691
5531.8063, 59.9691
5532.257, 59.9691
5532.7078, 59.9691
5533.1586, 59.9691
5533.6093, 59.9691
5534.0601, 59.9691
5534.5109, 59.9691
5534.9616, 59.9691
5535.4123, 59.9691
5535.8631, 59.9691
5536.3139, 59.9774
5536.7646, 59.9774
5537.2154, 59.9774
5537.6661, 59.9774
5538.1169, 59.9774
5538.5676, 59.9774
5539.0184, 59.9774
5539.4691, 59.9774
5539.9199, 59.9856
5540.3706, 59.9856
5540.8214, 59.9856
5541.2721, 59.9856
5541.7229, 59.9856
5542.1736, 59.9856
5542.6244, 59.9774
5543.0751, 59.9774
5543.5259, 59.9774
5543.9766, 59.9774
5544.4274, 59.9774
5544.878, 59.9774
5545.3289, 59.9774
5545.7795, 59.9774
5546.2304, 59.9774
5546.6811, 59.9774
5547.1319, 59.9774
5547.5826, 59.9774
5548.0334, 59.9774
5548.4841, 59.9774
5548.9348, 59.9856
5549.3856, 59.9856
5549.8364, 59.9856
5550.2871, 59.9856
5550.2871, 59.9938
5550.2871, 60.0021
5550.7379, 60.0021
5551.1886, 60.0021
5551.6394, 60.0021
5552.0902, 60.0021
5552.5409, 60.0021
5552.9917, 60.0021
5553.4424, 60.0021
5553.8932, 60.0021
5554.3439, 60.0021
5554.7947, 60.0021
5554.7947, 59.9938
5555.2454, 59.9856
5555.6962, 59.9856
5556.1469, 59.9856
5556.5977, 59.9856
5557.0484, 59.9856
5557.4992, 59.9856
5557.9499, 59.9856
5558.4007, 59.9856
5558.8514, 59.9856
5559.3022, 59.9856
5559.7529, 59.9856
5560.2037, 59.9856
5560.6543, 59.9856
5561.1052, 59.9856
5561.5558, 59.9856
5562.0067, 59.9856
5562.4574, 59.9856
5562.4574, 59.9938
5562.9082, 60.0021
5563.3589, 60.0021
5563.8096, 60.0021
5563.8096, 60.0103
5564.2604, 60.0103
5564.7112, 60.0103
5565.1619, 60.0103
5565.6127, 60.0103
5566.0634, 60.0103
5566.5142, 60.0021
5566.9649, 60.0021
5567.4157, 60.0021
5567.8664, 60.0021
5568.3172, 60.0021
5568.7679, 60.0021
5569.2187, 60.0021
5569.6694, 60.0021
5570.1202, 60.0021
5570.571, 60.0021
5571.0217, 60.0021
5571.4725, 60.0021
5571.9232, 60.0021
5572.374, 60.0021
5572.8247, 60.0103
5573.2755, 60.0103
5573.7262, 60.0103
5574.177, 60.0103
5574.6277, 60.0103
5575.0785, 60.0103
5575.5292, 60.0103
5575.98, 60.0103
5576.4307, 60.0185
5576.8815, 60.0185
5577.3322, 60.0185
5577.783, 60.0185
5578.2337, 60.0103
5578.6844, 60.0103
5579.1352, 60.0103
5579.5859, 60.0021
5580.0367, 60.0021
5580.4875, 60.0021
5580.9382, 60.0021
5581.389, 60.0021
5581.8397, 60.0021
5582.2905, 60.0021
5582.7412, 60.0021
5583.192, 60.0021
5583.6427, 60.0021
5584.0935, 60.0021
5584.5442, 60.0021
5584.995, 60.0021
5585.4457, 60.0021
5585.8965, 60.0021
5586.3472, 60.0021
5586.798, 60.0021
5587.2487, 60.0103
5587.6995, 60.0103
5588.1503, 60.0103
5588.601, 60.0103
5589.0518, 60.0103
5589.5025, 60.0103
5589.9533, 60.0021
5590.404, 60.0021
5590.8548, 60.0021
5590.8548, 59.9938
5591.3054, 59.9856
5591.7563, 59.9856
5592.207, 59.9856
5592.6578, 59.9856
5593.1085, 59.9856
5593.5593, 59.9856
5594.01, 59.9856
5594.4607, 59.9856
5594.9115, 59.9856
5595.3623, 59.9856
5595.813, 59.9856
5596.2638, 59.9856
5596.7145, 59.9856
5597.1653, 59.9856
5597.1653, 59.9938
5597.616, 60.0021
5598.0668, 60.0021
5598.5175, 60.0021
5598.9683, 60.0021
5599.419, 60.0021
5599.8698, 60.0021
5600.3205, 60.0021
5600.7713, 60.0021
5601.222, 60.0021
5601.6728, 60.0021
5602.1235, 60.0021
5602.1235, 59.9938
5602.5743, 59.9856
5603.025, 59.9856
5603.4758, 59.9856
5603.4758, 59.9774
5603.9264, 59.9774
5604.3773, 59.9774
5604.8279, 59.9774
5605.2788, 59.9774
5605.2788, 59.9691
5605.7295, 59.9691
5606.1803, 59.9691
5606.6311, 59.9691
5607.0818, 59.9691
5607.0818, 59.9609
5607.5326, 59.9609
5607.9832, 59.9609
5608.4341, 59.9609
5608.8848, 59.9609
5609.3356, 59.9609
5609.7863, 59.9609
5610.2371, 59.9609
5610.6878, 59.9609
5611.1386, 59.9691
5611.5893, 59.9691
5612.0401, 59.9691
5612.4908, 59.9691
5612.9416, 59.9691
5613.3923, 59.9691
5613.8431, 59.9691
5614.2938, 59.9691
5614.7446, 59.9691
5615.1953, 59.9691
5615.6461, 59.9691
5616.0968, 59.9691
5616.5476, 59.9691
5616.9983, 59.9609
5617.4491, 59.9609
5617.8998, 59.9609
5618.3506, 59.9609
5618.8013, 59.9609
5619.2521, 59.9691
5619.7027, 59.9691
5620.1536, 59.9691
5620.6042, 59.9691
5621.0551, 59.9691
5621.5058, 59.9691
5621.9566, 59.9774
5622.4073, 59.9774
5622.858, 59.9774
5623.3088, 59.9774
5623.7596, 59.9774
5624.2104, 59.9774
5624.6611, 59.9774
5625.1118, 59.9774
5625.5626, 59.9774
5626.0134, 59.9774
5626.4641, 59.9774
5626.9149, 59.9774
5627.3656, 59.9774
5627.8164, 59.9774
5628.2671, 59.9774
5628.7179, 59.9774
5629.1686, 59.9691
