#DataThief C:\Users\Andy.DESKTOP-CFRG05F\OneDrive - California Institute of Technology\Documents\Research\Kornfield\EXPERIMENTS\Italy\data\datathief\20190722_1708_6300kPa_mp1.PNG Wednesday 24-Jul-2019 10:19:04 AM
9726.1553, 13.5449
9726.4558, 13.5449
9726.7563, 13.5449
9727.0568, 13.5446
9727.3573, 13.5446
9727.6578, 13.5446
9727.9583, 13.5446
9728.2588, 13.5446
9728.5593, 13.5449
9728.8598, 13.5449
9729.1602, 13.5449
9729.4607, 13.5449
9729.7612, 13.5449
9730.0618, 13.5452
9730.3623, 13.5452
9730.6627, 13.5452
9730.9633, 13.5452
9731.2638, 13.5452
9731.5643, 13.5452
9731.8648, 13.5452
9732.1653, 13.5452
9732.4658, 13.5452
9732.7663, 13.5449
9733.0668, 13.5449
9733.3673, 13.5449
9733.6678, 13.5449
9733.9683, 13.5449
9734.2688, 13.5449
9734.5693, 13.5446
9734.8698, 13.5446
9735.1703, 13.5446
9735.4708, 13.5446
9735.7713, 13.5446
9736.0718, 13.5446
9736.3723, 13.5443
9736.6728, 13.5443
9736.9733, 13.5446
9737.2738, 13.5446
9737.5743, 13.5446
9737.8748, 13.5446
9738.1753, 13.5449
9738.4758, 13.5449
9738.7763, 13.5449
9739.0768, 13.5449
9739.3773, 13.5449
9739.6778, 13.5452
9739.9783, 13.5452
9740.2788, 13.5452
9740.5793, 13.5452
9740.8798, 13.5452
9741.1803, 13.5452
9741.4808, 13.5452
9741.7812, 13.5452
9742.0818, 13.5452
9742.3822, 13.5452
9742.6827, 13.5452
9742.9832, 13.5452
9743.2838, 13.5452
9743.5843, 13.5452
9743.8848, 13.5449
9744.1853, 13.5449
9744.4858, 13.5449
9744.7863, 13.5449
9745.0868, 13.5449
9745.3873, 13.5446
9745.6878, 13.5446
9745.9883, 13.5446
9746.2888, 13.5446
9746.5893, 13.5446
9746.8898, 13.5446
9747.1903, 13.5446
9747.4908, 13.5446
9747.7913, 13.5446
9748.0918, 13.5449
9748.3923, 13.5449
9748.6928, 13.5449
9748.9933, 13.5449
9749.2938, 13.5452
9749.5943, 13.5452
9749.8948, 13.5452
9750.1953, 13.5452
9750.4958, 13.5452
9750.7963, 13.5452
9751.0968, 13.5452
9751.3973, 13.5452
9751.6978, 13.5452
9751.9983, 13.5452
9752.2988, 13.5452
9752.5993, 13.5452
9752.8998, 13.5452
9753.2003, 13.5452
9753.5008, 13.5452
9753.8013, 13.5452
9754.1018, 13.5452
9754.4022, 13.5452
9754.7027, 13.5452
9755.0033, 13.5449
9755.3038, 13.5449
9755.6042, 13.5449
9755.9048, 13.5449
9756.2053, 13.5449
9756.5058, 13.5449
9756.8063, 13.5449
9757.1068, 13.5449
9757.4073, 13.5449
9757.7078, 13.5449
9758.0083, 13.5452
9758.3088, 13.5452
9758.6093, 13.5452
9758.9098, 13.5455
9759.2104, 13.5455
9759.5109, 13.5455
9759.8114, 13.5455
9760.1118, 13.5455
9760.4123, 13.5455
9760.7128, 13.5457
9761.0134, 13.5457
9761.3139, 13.5457
9761.6143, 13.5457
9761.9149, 13.5457
9762.2154, 13.5457
9762.5159, 13.5457
9762.8164, 13.5457
9763.1169, 13.5455
9763.4174, 13.5455
9763.7179, 13.5455
9764.0184, 13.5455
9764.3189, 13.5455
9764.6194, 13.5455
9764.9199, 13.5452
9765.2204, 13.5452
9765.5209, 13.5452
9765.8214, 13.5452
9766.1219, 13.5452
9766.4224, 13.5452
9766.7229, 13.5452
9767.0234, 13.5452
9767.3239, 13.5455
9767.6244, 13.5455
9767.9249, 13.5455
9768.2254, 13.5457
9768.5259, 13.5457
9768.8264, 13.5457
9769.1269, 13.5457
9769.4274, 13.5457
9769.7279, 13.546
9770.0284, 13.546
9770.3289, 13.546
9770.6294, 13.546
9770.9299, 13.546
9771.2304, 13.546
9771.5309, 13.546
9771.8314, 13.546
9772.1319, 13.546
9772.4324, 13.546
9772.7328, 13.546
9773.0334, 13.5457
9773.3338, 13.5457
9773.6343, 13.5457
9773.9348, 13.5457
9774.2354, 13.5457
9774.5359, 13.5457
9774.8364, 13.5455
9775.1369, 13.5455
9775.4374, 13.5455
9775.7379, 13.5455
9776.0384, 13.5455
9776.3389, 13.5455
9776.6394, 13.5455
9776.9399, 13.5455
9777.2404, 13.5455
9777.5409, 13.5455
9777.8414, 13.5455
9778.1419, 13.5455
9778.4424, 13.5455
9778.7429, 13.5455
9779.0434, 13.5455
9779.3439, 13.5455
9779.3439, 13.5457
9779.3439, 13.546
9779.3439, 13.5463
9779.3439, 13.5466
9779.3439, 13.5469
9779.3439, 13.5472
9779.3439, 13.5474
9779.3439, 13.5478
9779.3439, 13.548
9779.3439, 13.5483
9779.3439, 13.5486
9779.3439, 13.5489
9779.3439, 13.5492
9779.3439, 13.5495
9779.3439, 13.5497
9779.3439, 13.5501
9779.3439, 13.5503
9779.3439, 13.5506
9779.3439, 13.5509
9779.3439, 13.5512
9779.3439, 13.5514
9779.3439, 13.5518
9779.3439, 13.5521
9779.3439, 13.5524
9779.3439, 13.5526
9779.3439, 13.5529
9779.3439, 13.5532
9779.3439, 13.5535
9779.3439, 13.5537
9779.3439, 13.5541
9779.3439, 13.5544
9779.3439, 13.5547
9779.3439, 13.5549
9779.3439, 13.5552
9779.3439, 13.5554
9779.3439, 13.5558
9779.3439, 13.5561
9779.3439, 13.5564
9779.3439, 13.5567
9779.3439, 13.557
9779.3439, 13.5572
9779.3439, 13.5575
9779.3439, 13.5577
9779.3439, 13.5581
9779.3439, 13.5584
9779.3439, 13.5587
9779.3439, 13.559
9779.3439, 13.5593
9779.3439, 13.5594
9779.3439, 13.5598
9779.3439, 13.5601
9779.3439, 13.5604
9779.3439, 13.5607
9779.3439, 13.561
9779.3439, 13.5613
9779.3439, 13.5615
9779.3439, 13.5617
9779.3439, 13.5621
9779.3439, 13.5624
9779.3439, 13.5627
9779.3439, 13.563
9779.3439, 13.5633
9779.3439, 13.5636
9779.3439, 13.5638
9779.3439, 13.5641
9779.3439, 13.5644
9779.3439, 13.5647
9779.3439, 13.565
9779.3439, 13.5653
9779.3439, 13.5655
9779.3439, 13.5659
9779.3439, 13.5662
9779.3439, 13.5664
9779.3439, 13.5667
9779.3439, 13.567
9779.3439, 13.5673
9779.3439, 13.5676
9779.3439, 13.5678
9779.3439, 13.5682
9779.3439, 13.5685
9779.3439, 13.5687
9779.3439, 13.569
9779.3439, 13.5693
9779.3439, 13.5695
9779.3439, 13.5699
9779.3439, 13.5702
9779.3439, 13.5705
9779.3439, 13.5708
9779.3439, 13.571
9779.3439, 13.5713
9779.3439, 13.5716
9779.3439, 13.5718
9779.3439, 13.5722
9779.3439, 13.5725
9779.3439, 13.5728
9779.3439, 13.5731
9779.3439, 13.5733
9779.3439, 13.5735
9779.3439, 13.5739
9779.3439, 13.5742
9779.3439, 13.5745
9779.3439, 13.5748
9779.3439, 13.5751
9779.3439, 13.5754
9779.3439, 13.5756
9779.3439, 13.5758
9779.3439, 13.5762
9779.3439, 13.5765
9779.3439, 13.5768
9779.3439, 13.5771
9779.3439, 13.5774
9779.3439, 13.5777
9779.3439, 13.5779
9779.3439, 13.5782
9779.3439, 13.5785
9779.3439, 13.5788
9779.3439, 13.5791
9779.3439, 13.5794
9779.3439, 13.5796
9779.3439, 13.58
9779.3439, 13.5802
9779.3439, 13.5805
9779.3439, 13.5808
9779.3439, 13.5811
9779.3439, 13.5814
9779.3439, 13.5817
9779.3439, 13.5819
9779.3439, 13.5823
9779.3439, 13.5825
9779.3439, 13.5828
9779.3439, 13.5831
9779.3439, 13.5834
9779.3439, 13.5836
9779.3439, 13.584
9779.3439, 13.5843
9779.3439, 13.5846
9779.3439, 13.5848
9779.3439, 13.5851
9779.3439, 13.5854
9779.3439, 13.5857
9779.3439, 13.5859
9779.3439, 13.5863
9779.3439, 13.5866
9779.3439, 13.5869
9779.3439, 13.5871
9779.3439, 13.5874
9779.3439, 13.5877
9779.3439, 13.588
9779.3439, 13.5883
9779.3439, 13.5886
9779.6444, 13.5886
9779.9449, 13.5889
9780.2454, 13.5889
9780.5459, 13.5889
9780.8464, 13.5892
9780.8464, 13.5894
9781.1469, 13.5894
9781.4474, 13.5894
9781.7479, 13.5894
9782.0484, 13.5897
9782.3489, 13.5899
9782.6494, 13.5903
9782.9499, 13.5903
9783.2504, 13.5906
9783.5509, 13.5906
9783.8514, 13.5909
9784.1519, 13.5909
9784.4524, 13.5909
9784.7529, 13.5909
9785.0534, 13.5909
9785.3538, 13.5912
9785.6543, 13.5912
9785.9548, 13.5912
9786.2554, 13.5915
9786.5558, 13.5917
9786.8564, 13.592
9787.1569, 13.592
9787.4574, 13.5923
9787.7579, 13.5923
9788.0584, 13.5923
9788.0584, 13.5926
9788.3589, 13.5929
9788.6594, 13.5929
9788.6594, 13.5932
9788.9599, 13.5935
9789.2604, 13.5937
9789.5609, 13.5937
9789.5609, 13.5939
9789.8614, 13.5943
9790.1619, 13.5943
9790.4624, 13.5946
9790.4624, 13.5949
9790.7629, 13.5949
9791.0634, 13.5949
9791.3639, 13.5952
9791.6644, 13.5952
9791.9649, 13.5952
9792.2654, 13.5955
9792.5659, 13.5955
9792.8664, 13.5955
9793.1669, 13.5955
9793.4674, 13.5958
9793.7679, 13.5958
9794.0684, 13.5958
9794.3689, 13.596
9794.6694, 13.596
9794.9699, 13.596
9794.9699, 13.5963
9794.9699, 13.5966
9795.2705, 13.5969
9795.571, 13.5972
9795.8715, 13.5972
9796.172, 13.5975
9796.4725, 13.5977
9796.773, 13.5981
9797.0735, 13.5981
9797.374, 13.5984
9797.6745, 13.5984
9797.6745, 13.5986
9797.975, 13.5989
9798.2755, 13.5989
9798.576, 13.5992
9798.8765, 13.5992
9799.177, 13.5992
9799.4775, 13.5992
9799.4775, 13.5995
9799.4775, 13.5998
9799.4775, 13.6
9799.4775, 13.6004
9799.778, 13.6007
9799.778, 13.6009
9800.0785, 13.6009
9800.379, 13.6009
9800.6795, 13.6009
9800.98, 13.6009
9800.98, 13.6012
9800.98, 13.6015
9800.98, 13.6018
9800.98, 13.6021
9801.2805, 13.6021
9801.581, 13.6021
9801.8815, 13.6021
9802.182, 13.6021
9802.4825, 13.6021
9802.783, 13.6021
9803.0835, 13.6024
9803.384, 13.6024
9803.6844, 13.6024
9803.9849, 13.6024
9804.2854, 13.6024
9804.5859, 13.6024
9804.8864, 13.6024
9805.187, 13.6024
9805.4875, 13.6024
9805.4875, 13.6021
9805.4875, 13.6018
9805.788, 13.6015
9806.0885, 13.6015
9806.0885, 13.6012
9806.389, 13.6009
9806.6895, 13.6007
9806.99, 13.6007
9807.2905, 13.6004
9807.591, 13.6004
9807.8915, 13.6004
9808.192, 13.6
9808.4925, 13.6
9808.793, 13.5998
9809.0935, 13.5998
9809.394, 13.5998
9809.6945, 13.5998
9809.995, 13.5998
9810.2955, 13.5998
9810.596, 13.5998
9810.8965, 13.5998
9811.197, 13.5998
9811.4975, 13.5998
9811.798, 13.5998
9812.0985, 13.5998
9812.399, 13.5998
9812.6995, 13.5995
9813.0, 13.5995
9813.3005, 13.5992
9813.601, 13.5989
9813.9015, 13.5989
9814.202, 13.5989
9814.5025, 13.5986
9814.803, 13.5986
9815.1035, 13.5984
9815.404, 13.5984
9815.7045, 13.5981
9816.005, 13.5981
9816.3054, 13.5981
9816.6059, 13.5981
9816.9064, 13.5981
9817.207, 13.5981
9817.5074, 13.5981
9817.808, 13.5981
9818.1085, 13.5984
9818.409, 13.5984
9818.7095, 13.5984
9819.01, 13.5986
9819.3105, 13.5986
9819.611, 13.5986
9819.9115, 13.5986
9820.212, 13.5989
9820.5125, 13.5989
9820.813, 13.5989
9821.1135, 13.5989
9821.414, 13.5989
9821.7145, 13.5989
9822.015, 13.5989
9822.3155, 13.5989
9822.616, 13.5989
9822.9165, 13.5989
9823.217, 13.5986
9823.5175, 13.5986
9823.818, 13.5986
9824.1185, 13.5984
9824.419, 13.5984
9824.7195, 13.5984
9825.02, 13.5981
9825.3205, 13.5981
9825.621, 13.5977
9825.9215, 13.5977
9826.222, 13.5975
9826.5225, 13.5975
9826.823, 13.5975
9827.1235, 13.5972
9827.424, 13.5972
9827.7245, 13.5972
9828.025, 13.5972
9828.3255, 13.5972
9828.626, 13.5975
9828.9264, 13.5975
9829.227, 13.5975
9829.5274, 13.5975
9829.8279, 13.5975
9829.8279, 13.5977
9830.1285, 13.5981
9830.429, 13.5981
9830.7295, 13.5984
9831.0301, 13.5984
9831.3306, 13.5984
9831.6311, 13.5981
9831.9316, 13.5981
9832.2321, 13.5977
9832.5326, 13.5975
9832.8331, 13.5975
9833.1336, 13.5972
9833.4341, 13.5972
9833.7346, 13.5969
9834.0351, 13.5969
9834.3356, 13.5969
9834.636, 13.5966
9834.9365, 13.5966
9835.2371, 13.5963
9835.5375, 13.5963
9835.838, 13.596
9836.1386, 13.5958
9836.4391, 13.5958
9836.7396, 13.5958
9837.0401, 13.5955
9837.3406, 13.5955
9837.6411, 13.5958
9837.9416, 13.5958
9838.2421, 13.596
9838.5426, 13.596
9838.8431, 13.596
9839.1436, 13.596
9839.4441, 13.596
9839.7446, 13.596
9840.0451, 13.596
9840.3456, 13.596
9840.6461, 13.596
9840.9466, 13.596
9841.2471, 13.596
9841.5476, 13.596
9841.8481, 13.596
9842.1486, 13.596
9842.4491, 13.596
9842.7496, 13.596
9843.0501, 13.596
9843.3506, 13.596
9843.6511, 13.596
9843.9516, 13.596
9844.2521, 13.5958
9844.5526, 13.5958
9844.8531, 13.5958
9845.1536, 13.5958
9845.4541, 13.5958
9845.7546, 13.5955
9846.0551, 13.5955
9846.3556, 13.5955
9846.6561, 13.5952
9846.9566, 13.5952
9847.257, 13.5952
9847.5575, 13.5949
9847.858, 13.5949
9848.1586, 13.5946
9848.4591, 13.5946
9848.7596, 13.5946
9849.0601, 13.5943
9849.3606, 13.5939
9849.6611, 13.5939
9849.9616, 13.5937
9850.2621, 13.5937
9850.5626, 13.5937
9850.8631, 13.5937
9851.1636, 13.5937
9851.4641, 13.5937
9851.7646, 13.5937
9852.0651, 13.5937
9852.3656, 13.5939
9852.6661, 13.5939
9852.9666, 13.5943
9853.2671, 13.5943
9853.5676, 13.5943
9853.8681, 13.5946
9854.1686, 13.5946
9854.4691, 13.5946
9854.7696, 13.5946
9855.0701, 13.5946
9855.3706, 13.5946
9855.6711, 13.5946
9855.9716, 13.5946
9856.2721, 13.5946
9856.5726, 13.5946
9856.8731, 13.5946
9857.1736, 13.5946
9857.4741, 13.5943
9857.7746, 13.5943
9858.0751, 13.5943
9858.3756, 13.5943
9858.6761, 13.5939
9858.9766, 13.5939
9859.2771, 13.5937
9859.5776, 13.5937
9859.878, 13.5935
9860.1786, 13.5935
9860.4791, 13.5932
9860.7795, 13.5932
9861.0801, 13.5929
9861.3806, 13.5929
9861.6811, 13.5929
9861.9816, 13.5929
9862.2821, 13.5929
9862.5826, 13.5929
9862.8831, 13.5929
9863.1836, 13.5929
9863.4841, 13.5929
9863.7846, 13.5932
9864.0851, 13.5932
9864.3856, 13.5932
9864.6861, 13.5935
9864.9866, 13.5935
9865.2871, 13.5935
9865.5876, 13.5937
9865.8881, 13.5937
9866.1886, 13.5937
9866.4891, 13.5937
9866.7896, 13.5937
9867.0902, 13.5937
9867.3907, 13.5937
9867.6912, 13.5937
9867.9917, 13.5937
9868.2922, 13.5937
9868.5927, 13.5937
9868.8932, 13.5937
9869.1937, 13.5935
9869.4942, 13.5935
9869.7947, 13.5935
9870.0952, 13.5935
9870.3957, 13.5932
9870.6962, 13.5932
9870.9967, 13.5932
9871.2972, 13.5929
9871.5977, 13.5929
9871.8982, 13.5929
9872.1987, 13.5926
9872.4992, 13.5923
9872.7997, 13.5923
9873.1002, 13.5923
9873.4007, 13.592
9873.7012, 13.592
9874.0017, 13.592
9874.3022, 13.592
9874.6027, 13.592
9874.9032, 13.5923
9875.2037, 13.5923
9875.5042, 13.5926
9875.8047, 13.5926
9876.1052, 13.5929
9876.4057, 13.5929
9876.7062, 13.5929
9877.0067, 13.5932
9877.3072, 13.5932
9877.6077, 13.5932
9877.9082, 13.5932
9878.2086, 13.5932
9878.5091, 13.5932
9878.8096, 13.5932
9879.1102, 13.5932
9879.4107, 13.5932
9879.7112, 13.5932
9880.0117, 13.5932
9880.3122, 13.5932
9880.6127, 13.5932
9880.9132, 13.5932
9881.2137, 13.5929
9881.5142, 13.5929
9881.8147, 13.5929
9882.1152, 13.5926
9882.4157, 13.5926
9882.7162, 13.5926
9883.0167, 13.5923
9883.3172, 13.5923
9883.6177, 13.592
9883.9182, 13.592
9884.2187, 13.592
9884.5192, 13.5917
9884.8197, 13.5915
9885.1202, 13.5915
9885.4207, 13.5912
9885.7212, 13.5912
9886.0217, 13.5912
9886.3222, 13.5912
9886.6227, 13.5912
9886.9232, 13.5912
9887.2237, 13.5915
9887.5242, 13.5915
9887.8247, 13.5917
9888.1252, 13.5917
9888.4257, 13.592
9888.7262, 13.592
9889.0267, 13.5923
9889.3272, 13.5923
9889.6277, 13.5923
9889.9282, 13.5923
9890.2287, 13.5926
9890.5292, 13.5926
9890.8296, 13.5926
9891.1302, 13.5926
9891.4307, 13.5926
9891.7311, 13.5926
9892.0317, 13.5926
9892.3322, 13.5926
9892.6327, 13.5926
9892.9332, 13.5926
9893.2337, 13.5923
9893.5342, 13.5923
9893.8347, 13.5923
9894.1352, 13.592
9894.4357, 13.592
9894.7362, 13.592
9895.0367, 13.5917
9895.3372, 13.5917
9895.6377, 13.5917
9895.9382, 13.5915
9896.2387, 13.5915
9896.5392, 13.5912
9896.8397, 13.5909
9897.1402, 13.5909
9897.4407, 13.5909
9897.7412, 13.5906
9898.0417, 13.5906
9898.3422, 13.5906
9898.6427, 13.5906
9898.9432, 13.5906
9899.2437, 13.5909
9899.5442, 13.5909
9899.8447, 13.5912
9900.1452, 13.5912
9900.4457, 13.5915
9900.7462, 13.5912
9900.7462, 13.5909
9901.0467, 13.5909
9901.0467, 13.5906
