#DataThief C:\Users\Andy.DESKTOP-CFRG05F\OneDrive - California Institute of Technology\Documents\Research\Kornfield\EXPERIMENTS\Italy\data\datathief\20190718_0958_5500kPa_mp1.PNG Sunday 21-Jul-2019 8:53:24 PM
3247.0828, 13.6259
3247.0843, 13.6261
3247.0859, 13.6263
3247.0874, 13.6265
3247.089, 13.6267
3247.0905, 13.6269
3248.5933, 13.627
3248.5948, 13.6272
3248.5964, 13.6274
3248.5979, 13.6276
3250.1007, 13.6278
3250.1023, 13.628
3250.1038, 13.628
3251.6066, 13.6282
3251.6082, 13.6284
3253.111, 13.6287
3253.1125, 13.6289
3253.114, 13.6291
3253.1156, 13.6293
3254.6183, 13.6294
3254.6199, 13.6296
3254.6215, 13.6298
3256.1243, 13.63
3256.1258, 13.6301
3256.1274, 13.6303
3256.1289, 13.6306
3257.6317, 13.6307
3257.6332, 13.6309
3257.6348, 13.6311
3259.1376, 13.6313
3259.1391, 13.6315
3259.1407, 13.6317
3260.6435, 13.6319
3260.645, 13.632
3260.6465, 13.6322
3262.1494, 13.6324
3262.1509, 13.6326
3262.1524, 13.6328
3263.6552, 13.633
3263.6568, 13.6331
3263.6583, 13.6333
3263.6599, 13.6335
3265.1627, 13.6337
3265.1642, 13.6339
3265.1658, 13.6341
3263.666, 13.6343
3263.6676, 13.6343
3263.6691, 13.6346
3263.6707, 13.6348
3263.6722, 13.635
3265.175, 13.6352
3265.1766, 13.6354
3265.1781, 13.6356
3266.6808, 13.6357
3266.6825, 13.6359
3266.684, 13.636
3268.1868, 13.6362
3268.1883, 13.6364
3269.6911, 13.6367
3269.6926, 13.6369
3269.6942, 13.637
3271.197, 13.6372
3271.1985, 13.6374
3272.7014, 13.6376
3272.7029, 13.6378
3272.7044, 13.638
3274.2072, 13.6381
3274.2088, 13.6383
3274.2103, 13.6385
3275.713, 13.6387
3275.7147, 13.6389
3275.7162, 13.6391
3275.7178, 13.6393
3277.2206, 13.6394
3277.2221, 13.6396
3277.2236, 13.6398
3278.7264, 13.64
3278.728, 13.6402
3280.2308, 13.6404
3280.2323, 13.6406
3280.2339, 13.6407
3281.7367, 13.6409
3281.7382, 13.6411
3283.241, 13.6413
3283.2425, 13.6415
3284.7452, 13.6417
3284.7469, 13.6419
3286.2497, 13.642
3286.2511, 13.6421
3287.754, 13.6423
3287.7556, 13.6425
3289.2584, 13.6428
3289.2599, 13.643
3289.2615, 13.6431
3290.7642, 13.6433
3290.7658, 13.6435
3290.7673, 13.6437
3292.2701, 13.6439
3292.2717, 13.6441
3293.7745, 13.6442
3293.776, 13.6444
3293.7776, 13.6446
3295.2804, 13.6448
3295.2819, 13.645
3296.7847, 13.6452
3298.2875, 13.6454
3299.7903, 13.6456
3299.7917, 13.6457
3301.2946, 13.6459
3301.2962, 13.6461
3302.799, 13.6463
3302.8005, 13.6465
3304.3033, 13.6467
3304.3049, 13.6469
3304.3064, 13.647
3305.8092, 13.6472
3305.8107, 13.6474
3307.3135, 13.6476
3307.3151, 13.6478
3308.8178, 13.648
3308.8194, 13.6481
3310.3222, 13.6482
3311.825, 13.6484
3311.8266, 13.6487
3313.3293, 13.6489
3314.8306, 13.6489
3316.3334, 13.6491
3316.3349, 13.6493
3317.8377, 13.6494
3317.8393, 13.6496
3319.3421, 13.6498
3319.3436, 13.65
3319.3452, 13.6502
3320.8479, 13.6503
3320.8495, 13.6505
3322.3523, 13.6507
3323.8551, 13.6509
3323.8566, 13.6511
3325.3594, 13.6513
3326.8622, 13.6515
3326.8638, 13.6517
3328.365, 13.6517
3329.8678, 13.6519
3331.3691, 13.6519
3332.8719, 13.652
3332.8734, 13.6522
3334.3761, 13.6524
3334.3778, 13.6526
3335.8805, 13.6528
3335.882, 13.653
3337.3849, 13.6531
3337.3864, 13.6533
3338.8892, 13.6535
3338.8908, 13.6537
3340.3936, 13.6539
3341.8963, 13.6541
3343.3992, 13.6543
3344.9003, 13.6543
3346.4017, 13.6543
3347.9045, 13.6543
3349.4073, 13.6545
3349.4088, 13.6548
3350.9116, 13.655
3350.9131, 13.6552
3352.4159, 13.6554
3353.9186, 13.6556
3353.9203, 13.6557
3355.4231, 13.6559
3355.4245, 13.6561
3356.9274, 13.6562
3358.4287, 13.6562
3359.9315, 13.6564
3361.4327, 13.6564
3362.934, 13.6564
3364.4368, 13.6566
3365.9395, 13.6569
3367.4423, 13.657
3368.9451, 13.6572
3370.4479, 13.6574
3371.9506, 13.6576
3373.4535, 13.6578
3374.9548, 13.6578
3374.9563, 13.658
3376.4591, 13.6581
3377.9604, 13.6581
3379.4632, 13.6583
3379.4647, 13.6585
3380.966, 13.6585
3382.4687, 13.6587
3383.9716, 13.6589
3383.9731, 13.6591
3385.4743, 13.6591
3386.9771, 13.6593
3386.9787, 13.6594
3388.4799, 13.6594
3389.9827, 13.6596
3391.484, 13.6596
3392.9868, 13.6598
3394.488, 13.6598
3395.9893, 13.6598
3397.4905, 13.6598
3398.9918, 13.6598
3400.4946, 13.66
3400.4961, 13.6602
3401.9989, 13.6604
3402.0005, 13.6606
3403.5032, 13.6606
3405.0061, 13.6609
3406.5072, 13.6609
3408.0101, 13.6611
3409.5114, 13.6611
3411.0126, 13.6611
3412.5139, 13.6611
3414.0151, 13.6611
3415.5164, 13.6611
3417.0176, 13.6611
3417.0192, 13.6613
3418.5219, 13.6615
3420.0247, 13.6617
3421.5274, 13.6619
3423.0303, 13.662
3424.5331, 13.6622
3426.0344, 13.6622
3427.5356, 13.6622
3429.0369, 13.6622
3430.5381, 13.6622
3432.0394, 13.6622
3433.5406, 13.6622
3435.0434, 13.6623
3436.5462, 13.6625
3438.049, 13.6627
3439.5518, 13.663
3441.0546, 13.6631
3442.5558, 13.6631
3444.0571, 13.6631
3445.5584, 13.6631
3447.0596, 13.6631
3448.5593, 13.663
3450.0606, 13.663
3451.5634, 13.6631
3453.0662, 13.6633
3454.569, 13.6635
3456.0718, 13.6637
3457.5746, 13.6639
3459.0758, 13.6639
3460.5771, 13.6639
3462.0783, 13.6639
3463.5796, 13.6639
3465.0793, 13.6637
3466.5805, 13.6637
3468.0818, 13.6637
3469.5846, 13.6639
3471.0874, 13.6641
3472.5901, 13.6643
3474.0929, 13.6644
3475.5941, 13.6644
3477.097, 13.6646
3478.5981, 13.6646
3480.0995, 13.6646
3481.5992, 13.6644
3483.1005, 13.6644
3484.6002, 13.6643
3486.1014, 13.6643
3487.6042, 13.6644
3489.107, 13.6646
3490.6098, 13.6648
3492.111, 13.6648
3493.6138, 13.665
3495.1151, 13.665
3496.6162, 13.665
3498.1176, 13.665
3499.6173, 13.6648
3501.1186, 13.6648
3502.6183, 13.6646
3504.1195, 13.6646
3505.6223, 13.6648
3507.1251, 13.665
3508.6279, 13.6652
3510.1307, 13.6654
3511.6319, 13.6654
3513.1332, 13.6654
3514.6343, 13.6654
3516.1357, 13.6654
3517.637, 13.6654
3519.1367, 13.6652
3520.6379, 13.6652
3522.1392, 13.6652
3523.642, 13.6654
3525.1448, 13.6656
3526.6475, 13.6657
3528.1488, 13.6657
3529.65, 13.6657
3531.1513, 13.6657
3532.6524, 13.6657
3534.1538, 13.6657
3535.6535, 13.6656
3537.1532, 13.6654
3538.6545, 13.6654
3540.1573, 13.6656
3541.6601, 13.6657
3543.1629, 13.6659
3544.6656, 13.6661
3546.1669, 13.6661
3547.6681, 13.6661
3549.1694, 13.6661
3550.6707, 13.6661
3552.1719, 13.6661
3553.6716, 13.6659
3555.1713, 13.6657
3556.6726, 13.6657
3558.1738, 13.6657
3559.6766, 13.6659
3561.1794, 13.6661
3562.6822, 13.6663
3564.1835, 13.6663
3565.6846, 13.6663
3567.186, 13.6663
3568.6872, 13.6663
3570.1885, 13.6663
3571.6882, 13.6661
3573.1879, 13.6659
3574.6891, 13.6659
3576.1904, 13.6659
3577.6932, 13.6661
3579.196, 13.6663
3580.6987, 13.6665
3582.2, 13.6665
3583.7013, 13.6665
3585.2025, 13.6665
3586.7038, 13.6665
3588.205, 13.6665
3589.7046, 13.6663
3591.2044, 13.6661
3592.7057, 13.6661
3594.2069, 13.6661
3595.7082, 13.6661
3597.211, 13.6663
3598.7138, 13.6665
3600.2166, 13.6667
3601.7178, 13.6667
3603.2191, 13.6667
3604.7203, 13.6667
3606.2216, 13.6667
3607.7213, 13.6665
3609.2225, 13.6665
3609.221, 13.6663
3610.7207, 13.6661
3612.2219, 13.6661
3613.7247, 13.6663
3615.2275, 13.6665
3616.7303, 13.6667
3618.2316, 13.6667
3619.7344, 13.6669
3621.2356, 13.6669
3622.7368, 13.6669
3624.2366, 13.6667
3625.7378, 13.6667
3627.2375, 13.6665
3628.7372, 13.6663
3630.2385, 13.6663
3631.7412, 13.6665
3633.2425, 13.6665
3634.7452, 13.6667
3636.2481, 13.6669
3637.7494, 13.6669
3639.2506, 13.6669
3640.7519, 13.6669
3642.253, 13.6669
3643.7528, 13.6667
3645.2541, 13.6667
3646.7538, 13.6665
3648.2551, 13.6665
3649.7563, 13.6665
3651.2591, 13.6667
3652.7619, 13.6669
3654.2647, 13.667
3655.7659, 13.667
3657.2671, 13.667
3658.7684, 13.667
3660.2697, 13.667
3661.7694, 13.6669
3663.2691, 13.6667
3664.7688, 13.6665
3666.2701, 13.6665
3667.7729, 13.6667
3669.2757, 13.6669
3670.7785, 13.667
3672.2797, 13.667
3673.781, 13.667
3675.2822, 13.667
3676.7835, 13.667
3678.2847, 13.667
3679.7844, 13.6669
3681.2857, 13.6669
3682.7854, 13.6667
3684.2866, 13.6667
3685.7879, 13.6667
3687.2907, 13.6669
3688.7934, 13.667
3690.2947, 13.667
3691.7974, 13.6672
3693.2988, 13.6672
3694.8, 13.6672
3696.3013, 13.6672
3697.801, 13.667
3699.3007, 13.6669
3700.8018, 13.6669
3702.3016, 13.6667
3703.8029, 13.6667
3705.3057, 13.6669
3706.8085, 13.667
3708.3113, 13.6672
3709.8125, 13.6672
3711.3138, 13.6672
3712.815, 13.6672
3714.3163, 13.6672
3715.8159, 13.667
3717.3172, 13.667
3718.8169, 13.6669
3720.3167, 13.6667
3721.8178, 13.6667
3723.3207, 13.6669
3724.8235, 13.667
3726.3263, 13.6672
3727.8275, 13.6672
3729.3288, 13.6672
3730.83, 13.6672
3732.3313, 13.6672
3733.8325, 13.6672
3735.3323, 13.667
3736.8319, 13.6669
3738.3317, 13.6667
3739.8329, 13.6667
3741.3357, 13.6669
3742.8385, 13.667
3744.3413, 13.6672
3745.8426, 13.6672
3747.3437, 13.6672
3748.8451, 13.6672
3750.3463, 13.6672
3751.8476, 13.6672
3753.3473, 13.667
3754.847, 13.6669
3756.3482, 13.6669
3757.8495, 13.6669
3759.3507, 13.6669
3760.8535, 13.667
3762.3563, 13.6672
3763.8576, 13.6672
3765.3604, 13.6674
3766.8616, 13.6674
3768.3613, 13.6672
3769.8626, 13.6672
3771.3638, 13.6672
3772.8635, 13.667
3774.3632, 13.6669
3775.8645, 13.6669
3777.3657, 13.6669
3778.8685, 13.667
3780.3713, 13.6672
3781.8726, 13.6672
3783.3754, 13.6674
3784.8766, 13.6674
3786.3779, 13.6674
3787.8776, 13.6672
3789.3788, 13.6672
3790.8784, 13.667
3792.3782, 13.6669
3793.8795, 13.6669
3795.3807, 13.6669
3796.882, 13.6669
3798.3848, 13.667
3799.8876, 13.6672
3801.3888, 13.6672
3802.8901, 13.6672
3804.3913, 13.6672
3805.8925, 13.6672
3807.3938, 13.6672
3808.8936, 13.667
3810.3948, 13.667
3811.8944, 13.6669
3813.3958, 13.6669
3814.897, 13.6669
3816.3998, 13.667
3817.9026, 13.6672
3819.4039, 13.6672
3820.9066, 13.6674
3822.4079, 13.6674
3823.9092, 13.6674
3825.4089, 13.6672
3826.9101, 13.6672
3828.4098, 13.667
3829.9095, 13.6669
3831.4108, 13.6669
3832.912, 13.6669
3834.4148, 13.667
3835.9176, 13.6672
3837.4189, 13.6672
3838.9217, 13.6674
3840.4229, 13.6674
3841.9242, 13.6674
3843.4254, 13.6674
3844.9251, 13.6672
3846.4264, 13.6672
3847.9261, 13.667
3849.4258, 13.6669
3850.927, 13.6669
3852.4283, 13.6669
3853.9311, 13.667
3855.4339, 13.6672
3856.9351, 13.6672
3858.4364, 13.6672
3859.9392, 13.6674
3861.4389, 13.6672
3862.9401, 13.6672
3864.4414, 13.6672
3865.9411, 13.667
3867.4408, 13.6669
3868.9421, 13.6669
3870.4433, 13.6669
3871.9461, 13.667
3873.4489, 13.6672
3874.9501, 13.6672
3876.4514, 13.6672
3877.9542, 13.6674
3879.4554, 13.6674
3880.955, 13.6672
3882.4564, 13.6672
3883.9561, 13.667
3885.4574, 13.667
3886.9571, 13.6669
3888.4583, 13.6669
3889.9596, 13.6669
3891.4624, 13.667
3892.9651, 13.6672
3894.4664, 13.6672
3895.9677, 13.6672
3897.4689, 13.6672
3898.9702, 13.6672
3900.4714, 13.6672
3901.9727, 13.6672
3903.4724, 13.667
3904.9721, 13.6669
3906.4733, 13.6669
3907.9746, 13.6669
3909.4774, 13.667
3910.9802, 13.6672
3912.4814, 13.6672
3913.9842, 13.6674
3915.4855, 13.6674
3916.9867, 13.6674
3918.488, 13.6674
3919.9877, 13.6672
3921.4889, 13.6672
3922.9886, 13.667
3924.4883, 13.6669
3925.9896, 13.6669
3927.4908, 13.6669
3927.4924, 13.667
3928.9952, 13.6672
3930.4964, 13.6672
3931.9992, 13.6674
3933.5005, 13.6674
3935.0017, 13.6674
3936.503, 13.6674
3938.0042, 13.6674
3939.5055, 13.6674
3941.0052, 13.6672
3942.5049, 13.667
3944.0061, 13.667
3945.5059, 13.6669
3947.0071, 13.6669
3948.5099, 13.667
3950.0127, 13.6672
3951.5154, 13.6674
3953.0167, 13.6674
3954.518, 13.6674
3956.0192, 13.6674
3957.5205, 13.6674
3959.0217, 13.6674
3960.5215, 13.6672
3962.0227, 13.6672
3963.5224, 13.667
3965.0221, 13.6669
3966.5234, 13.6669
3968.0262, 13.667
3969.529, 13.6672
3971.0318, 13.6674
3972.533, 13.6674
3974.0343, 13.6674
3975.5354, 13.6674
3977.0368, 13.6674
3978.538, 13.6674
3980.0377, 13.6672
3981.539, 13.6672
3983.0387, 13.667
3984.5399, 13.667
3986.0412, 13.667
3987.544, 13.6672
3989.0468, 13.6674
3990.548, 13.6674
3992.0508, 13.6676
3993.5521, 13.6676
3995.0533, 13.6676
3996.5546, 13.6676
3998.0543, 13.6674
3999.5554, 13.6674
4001.0552, 13.6672
4002.5565, 13.6672
4004.0577, 13.6672
4005.559, 13.6672
4007.0618, 13.6674
4008.5646, 13.6676
4010.0658, 13.6676
4011.5671, 13.6676
4013.0683, 13.6676
4014.5695, 13.6676
4016.0708, 13.6676
4017.5721, 13.6676
4019.0718, 13.6674
4020.5715, 13.6672
4022.0727, 13.6672
4023.5755, 13.6674
4025.0783, 13.6676
4026.5796, 13.6676
4028.0824, 13.6678
4029.5836, 13.6678
4031.0849, 13.6678
4032.5861, 13.6678
4034.0874, 13.6678
4035.5871, 13.6676
4037.0883, 13.6676
4038.588, 13.6674
4040.0878, 13.6672
4041.589, 13.6672
4043.0918, 13.6674
4044.5931, 13.6674
4046.0959, 13.6676
4047.5971, 13.6676
4049.0984, 13.6676
4050.5996, 13.6676
4052.0993, 13.6674
4053.6006, 13.6674
4053.599, 13.6672
4055.1003, 13.6672
