#DataThief C:\Users\Andy.DESKTOP-CFRG05F\OneDrive - California Institute of Technology\Documents\Research\Kornfield\EXPERIMENTS\Italy\data\datathief\20190723_1756_4000kPa_T.PNG Wednesday 24-Jul-2019 7:18:34 PM
10830.4664, 60.0133
10831.2675, 60.001
10832.0679, 60.001
10832.8681, 60.001
10833.6684, 60.001
10834.4689, 60.001
10835.2692, 60.001
10836.0695, 60.001
10836.8699, 60.001
10837.6702, 60.001
10838.4705, 60.001
10838.4714, 59.9887
10838.4722, 59.9764
10838.4729, 59.9641
10838.4738, 59.9518
10838.4746, 59.9395
10838.4755, 59.9272
10838.4763, 59.9149
10838.4771, 59.9026
10838.4779, 59.8902
10838.4787, 59.878
10838.4796, 59.8657
10838.4804, 59.8534
10838.4812, 59.8411
10838.482, 59.8288
10838.4828, 59.8165
10838.4837, 59.8042
10838.4845, 59.7919
10838.4853, 59.7797
10838.4861, 59.7673
10838.4868, 59.7551
10838.4878, 59.7428
10838.4886, 59.7305
10838.4894, 59.7182
10838.4902, 59.7059
10838.491, 59.6936
10838.4919, 59.6813
10838.4927, 59.669
10838.4935, 59.6566
10838.4943, 59.6444
10838.495, 59.632
10838.496, 59.6198
10838.4968, 59.6075
10838.4976, 59.5952
10838.4984, 59.5829
10838.4992, 59.5706
10838.5001, 59.5583
10838.5009, 59.546
10838.5017, 59.5338
10838.5025, 59.5215
10838.5032, 59.5091
10838.5042, 59.4969
10839.3053, 59.4846
10839.3061, 59.4723
10839.307, 59.46
10839.3078, 59.4477
10839.3086, 59.4354
10839.3094, 59.4231
10839.3102, 59.4108
10839.3111, 59.3985
10839.3119, 59.3862
10839.3127, 59.3739
10839.3135, 59.3616
10839.3143, 59.3493
10839.3152, 59.337
10839.316, 59.3247
10839.3168, 59.3124
10839.3176, 59.3001
10839.3184, 59.2878
10839.3193, 59.2755
10839.3201, 59.2633
10839.3209, 59.251
10839.3216, 59.2387
10839.3225, 59.2264
10839.3234, 59.2141
10839.3242, 59.2018
10839.325, 59.1895
10839.3258, 59.1772
10839.3266, 59.1649
10839.3275, 59.1526
10839.3283, 59.1403
10839.3291, 59.128
10839.3299, 59.1157
10839.3307, 59.1034
10839.3316, 59.0911
10839.3324, 59.0788
10839.3332, 59.0665
10839.334, 59.0542
10839.3348, 59.0419
10839.3357, 59.0296
10839.3365, 59.0174
10839.3373, 59.0051
10839.3381, 58.9928
10839.3389, 58.9805
10839.3397, 58.9682
10839.3406, 58.9559
10839.3414, 58.9436
10839.3422, 58.9313
10839.343, 58.919
10839.3439, 58.9066
10839.3447, 58.8944
10839.3455, 58.882
10840.1467, 58.8698
10840.1475, 58.8575
10840.1482, 58.8452
10840.1491, 58.8329
10840.1499, 58.8206
10840.1508, 58.8083
10840.1516, 58.796
10840.1524, 58.7837
10840.1532, 58.7713
10840.154, 58.7591
10840.1549, 58.7469
10840.1557, 58.7346
10840.9567, 58.7223
10840.9577, 58.71
10840.9585, 58.6977
10840.9593, 58.6854
10840.9601, 58.6731
10840.9609, 58.6608
10841.7621, 58.6484
10842.5624, 58.6484
10842.5615, 58.6608
10842.5608, 58.6731
10842.5615, 58.6608
10841.7612, 58.6608
10841.7604, 58.6731
10842.56, 58.6854
10842.5591, 58.6977
10842.5583, 58.71
10842.5575, 58.7222
10842.5567, 58.7345
10842.5558, 58.7468
10842.555, 58.7591
10842.5542, 58.7713
10842.5534, 58.7837
10842.5526, 58.796
10842.5518, 58.8083
10842.5509, 58.8206
10842.5501, 58.8329
10842.5493, 58.8452
10842.5485, 58.8575
10842.5476, 58.8698
10842.5468, 58.882
10842.546, 58.8944
10842.5452, 58.9066
10842.5444, 58.919
10842.5436, 58.9313
10842.5427, 58.9436
10842.5419, 58.9559
10842.5411, 58.9682
10842.5403, 58.9804
10842.5394, 58.9927
10842.5386, 59.005
10842.5377, 59.0173
10842.537, 59.0296
10842.5362, 59.0419
10842.5354, 59.0542
10842.5345, 59.0665
10842.5337, 59.0788
10842.5329, 59.0911
10842.5321, 59.1034
10842.5312, 59.1157
10842.5304, 59.128
10842.5295, 59.1403
10842.5288, 59.1526
10842.528, 59.1649
10842.5272, 59.1772
10842.5263, 59.1895
10842.5255, 59.2018
10842.5247, 59.2141
10842.5239, 59.2263
10842.5231, 59.2386
10843.3226, 59.2509
10843.3218, 59.2631
10843.3209, 59.2755
10843.3201, 59.2878
10843.3193, 59.3001
10843.3185, 59.3124
10843.3176, 59.3247
10843.3168, 59.337
10843.316, 59.3493
10843.3152, 59.3616
10843.3144, 59.3739
10843.3136, 59.3862
10843.3127, 59.3985
10843.3119, 59.4108
10843.3111, 59.4231
10843.3103, 59.4354
10843.3094, 59.4477
10843.3086, 59.4599
10843.3078, 59.4722
10843.307, 59.4845
10843.3062, 59.4968
10843.3054, 59.5091
10844.1049, 59.5213
10844.104, 59.5337
10844.1032, 59.546
10844.1024, 59.5583
10844.1016, 59.5706
10844.1008, 59.5829
10844.0999, 59.5952
10844.0991, 59.6075
10844.0983, 59.6198
10844.0975, 59.632
10844.897, 59.6444
10844.8961, 59.6566
10844.8954, 59.669
10844.8944, 59.6813
10844.8937, 59.6935
10844.8929, 59.7058
10844.8921, 59.7181
10844.8913, 59.7304
10845.6907, 59.7427
10845.69, 59.755
10845.6891, 59.7673
10845.6883, 59.7795
10846.4878, 59.7919
10846.487, 59.8042
10847.2865, 59.8165
10847.2857, 59.8288
10848.0852, 59.8411
10848.0844, 59.8534
10848.8839, 59.8657
10849.6834, 59.8779
10850.4838, 59.8779
10851.2833, 59.8902
10851.2824, 59.9024
10852.082, 59.9148
10852.8822, 59.9148
10853.6818, 59.9271
10853.681, 59.9394
10854.4805, 59.9517
10855.2808, 59.9517
10856.0804, 59.964
10856.8807, 59.964
10857.6802, 59.9763
10858.4805, 59.9762
10859.2809, 59.9762
10860.0812, 59.9762
10860.8815, 59.9762
10861.6819, 59.9762
10862.4822, 59.9762
10863.2825, 59.9762
10864.0821, 59.9885
10864.8824, 59.9885
10865.6819, 60.0008
10866.4822, 60.0008
10867.2817, 60.0131
10868.0821, 60.0131
10868.8824, 60.0131
10869.6827, 60.0131
10870.483, 60.0131
10871.2833, 60.013
10872.0836, 60.013
10872.8841, 60.013
10873.6836, 60.0253
10874.4839, 60.0253
10875.2843, 60.0253
10876.0846, 60.0253
10876.8841, 60.0376
10877.6844, 60.0376
10878.4848, 60.0376
10879.2851, 60.0376
10880.0854, 60.0376
10880.8858, 60.0376
10881.6861, 60.0376
10882.4864, 60.0376
10883.2868, 60.0376
10884.0871, 60.0376
10884.8874, 60.0376
10885.6878, 60.0375
10886.4881, 60.0375
10887.2885, 60.0375
10888.0888, 60.0375
10888.8891, 60.0375
10889.6895, 60.0375
10890.4898, 60.0375
10891.2901, 60.0375
10892.0905, 60.0375
10892.8908, 60.0375
10893.6911, 60.0375
10894.4915, 60.0375
10895.2918, 60.0375
10896.0921, 60.0375
10896.8925, 60.0375
10897.6928, 60.0375
10898.4931, 60.0375
10899.2934, 60.0375
10900.0937, 60.0375
10900.8941, 60.0374
10901.6945, 60.0374
10902.494, 60.0497
10903.2943, 60.0497
10904.0946, 60.0497
10904.895, 60.0497
10905.6961, 60.0374
10906.4965, 60.0374
10907.2968, 60.0374
10908.0971, 60.0374
10908.8975, 60.0374
10909.6978, 60.0374
10910.4981, 60.0374
10911.2985, 60.0374
10912.098, 60.0497
10912.8982, 60.0497
10913.6985, 60.0497
10914.499, 60.0497
10915.2993, 60.0497
10916.0996, 60.0496
10916.9008, 60.0373
10917.701, 60.0373
10918.5015, 60.0373
10919.3018, 60.0373
10920.1021, 60.0373
10920.9024, 60.0373
10921.7027, 60.0373
10922.503, 60.0373
10923.3027, 60.0496
10924.103, 60.0496
10924.9033, 60.0496
10925.7037, 60.0496
10926.504, 60.0496
10927.3043, 60.0496
10928.1055, 60.0373
10928.9058, 60.0373
10929.7061, 60.0373
10930.5065, 60.0373
10931.3068, 60.0373
10932.1071, 60.0372
10932.9075, 60.0372
10933.7078, 60.0372
10934.5081, 60.0372
10935.3085, 60.0372
10936.1088, 60.0372
10936.9091, 60.0372
10937.7095, 60.0372
10938.5098, 60.0372
10939.311, 60.0249
10940.1113, 60.0249
10940.9116, 60.0249
10941.712, 60.0249
10942.5123, 60.0249
10943.3126, 60.0249
10944.1122, 60.0372
10944.9125, 60.0372
10945.7128, 60.0372
10946.5131, 60.0372
10947.3135, 60.0372
10948.1138, 60.0371
10948.9142, 60.0371
10949.7145, 60.0371
10950.5148, 60.0371
10951.3152, 60.0371
10952.1155, 60.0371
10952.9158, 60.0371
10953.7162, 60.0371
10954.5165, 60.0371
10955.3168, 60.0371
10956.1172, 60.0371
10956.9175, 60.0371
10957.7178, 60.0371
10958.5182, 60.0371
10959.3185, 60.0371
10960.1188, 60.0371
10960.9192, 60.0371
10961.7195, 60.0371
10962.5198, 60.0371
10963.3202, 60.037
10964.1205, 60.037
10964.9207, 60.037
10965.7212, 60.037
10966.5215, 60.037
10967.3218, 60.037
10968.1222, 60.037
10968.9224, 60.037
10969.7237, 60.0247
10970.524, 60.0247
10971.3243, 60.0247
10972.1247, 60.0247
10972.925, 60.0247
10973.7252, 60.0247
10974.5257, 60.0247
10975.326, 60.0247
10976.1263, 60.0247
10976.9266, 60.0247
10977.7262, 60.037
10978.5265, 60.037
10979.3268, 60.0369
10980.1272, 60.0369
10980.9283, 60.0246
10981.7287, 60.0246
10982.529, 60.0246
10983.3293, 60.0246
10984.1297, 60.0246
10984.93, 60.0246
10985.7303, 60.0246
10986.5307, 60.0246
10987.331, 60.0246
10988.1313, 60.0246
10988.9317, 60.0246
10989.732, 60.0246
10990.5323, 60.0246
10991.3327, 60.0246
10992.1338, 60.0123
10992.9342, 60.0123
10993.7345, 60.0123
10994.5348, 60.0123
10995.3352, 60.0123
10996.1355, 60.0122
10996.935, 60.0245
10997.7353, 60.0245
10998.5356, 60.0245
10999.336, 60.0245
11000.1363, 60.0245
11000.9367, 60.0245
11001.737, 60.0245
11002.5373, 60.0245
11003.3377, 60.0245
11004.138, 60.0245
11004.9383, 60.0245
11005.7387, 60.0245
11006.539, 60.0245
11007.3393, 60.0245
11008.1397, 60.0245
11008.94, 60.0245
11009.7403, 60.0245
11010.5407, 60.0245
11011.341, 60.0244
11012.1413, 60.0244
11012.9417, 60.0244
11013.742, 60.0244
11014.5423, 60.0244
11015.3427, 60.0244
11016.1421, 60.0367
11016.9425, 60.0367
11017.7429, 60.0367
11018.5432, 60.0367
11019.3435, 60.0367
11020.1439, 60.0367
11020.9442, 60.0367
11021.7445, 60.0367
11022.5449, 60.0367
11023.3452, 60.0367
11024.1455, 60.0367
11024.9459, 60.0367
11025.7462, 60.0366
11026.5465, 60.0366
11027.346, 60.0489
11028.1464, 60.0489
11028.9466, 60.0489
11029.7469, 60.0489
11030.5474, 60.0489
11031.3477, 60.0489
11032.1481, 60.0489
11032.9484, 60.0489
11033.7487, 60.0489
11034.5491, 60.0489
11035.3486, 60.0612
11036.1489, 60.0612
11036.9492, 60.0612
11037.7496, 60.0612
11038.5499, 60.0612
11039.3502, 60.0612
11040.1506, 60.0611
11040.9508, 60.0611
11041.7511, 60.0611
11042.5516, 60.0611
11043.3519, 60.0611
11044.1522, 60.0611
11044.9526, 60.0611
11045.7529, 60.0611
11046.5524, 60.0734
11047.3528, 60.0734
11048.1531, 60.0734
11048.9534, 60.0734
11049.7538, 60.0734
11050.5541, 60.0734
11051.3552, 60.0611
11052.1556, 60.0611
11052.9559, 60.0611
11053.7562, 60.0611
11054.5566, 60.0611
11055.3569, 60.0611
11056.1572, 60.061
11056.9576, 60.061
11057.7579, 60.061
11058.5582, 60.061
11059.3586, 60.061
11060.1589, 60.061
11060.9592, 60.061
11061.7596, 60.061
11062.5598, 60.061
11063.3603, 60.061
11064.1606, 60.061
11064.9609, 60.061
11065.7612, 60.061
11066.5615, 60.061
11067.3618, 60.061
11068.1623, 60.061
11068.9634, 60.0487
11069.7637, 60.0487
11070.5641, 60.0487
11071.3644, 60.0487
11072.1647, 60.0486
11072.9651, 60.0486
11073.7654, 60.0486
11074.5657, 60.0486
11075.366, 60.0486
11076.1663, 60.0486
11076.9667, 60.0486
11077.7671, 60.0486
11078.5682, 60.0363
11079.3686, 60.0363
11080.1689, 60.0363
11080.9691, 60.0363
11081.7696, 60.0363
11082.5699, 60.0363
11083.3702, 60.0363
11084.1706, 60.0363
11084.9708, 60.0363
11085.7711, 60.0363
11086.5716, 60.0363
11087.3719, 60.0363
11088.1722, 60.0363
11088.9726, 60.0362
11089.7729, 60.0362
11090.5732, 60.0362
11091.3736, 60.0362
11092.1739, 60.0362
11092.9742, 60.0362
11093.7746, 60.0362
11094.5749, 60.0362
11095.3752, 60.0362
11096.1756, 60.0362
11096.9759, 60.0362
11097.7762, 60.0362
11098.5766, 60.0362
11099.3769, 60.0362
11100.1772, 60.0362
11100.9784, 60.0239
11101.7787, 60.0239
11102.5791, 60.0239
11103.3794, 60.0239
11104.1797, 60.0239
11104.9801, 60.0238
11105.7804, 60.0238
11106.5807, 60.0238
11107.3811, 60.0238
11108.1814, 60.0238
11108.9817, 60.0238
11109.7821, 60.0238
11110.5824, 60.0238
11111.3827, 60.0238
11112.1831, 60.0238
11112.9834, 60.0238
11113.7837, 60.0238
11114.584, 60.0238
11115.3844, 60.0238
11116.1847, 60.0238
11116.9851, 60.0238
11117.7854, 60.0238
11118.5857, 60.0238
11119.386, 60.0238
11120.1864, 60.0238
11120.9867, 60.0237
11121.7871, 60.0237
11122.5874, 60.0237
11123.3877, 60.0237
11124.1881, 60.0237
11124.9884, 60.0237
11125.7887, 60.0237
11126.5891, 60.0237
11127.3894, 60.0237
11128.1897, 60.0237
11128.9901, 60.0237
11129.7904, 60.0237
11130.5908, 60.0237
11131.3911, 60.0237
11132.1914, 60.0237
11132.9918, 60.0237
11133.7921, 60.0237
11134.5924, 60.0237
11135.3928, 60.0237
11136.1931, 60.0236
11136.9933, 60.0236
11137.7938, 60.0236
11138.5941, 60.0236
11139.3944, 60.0236
11140.1948, 60.0236
11140.995, 60.0236
11141.7953, 60.0236
11142.5958, 60.0236
11143.3961, 60.0236
11144.1964, 60.0236
11144.9968, 60.0236
11145.7971, 60.0236
11146.5974, 60.0236
11147.3978, 60.0236
11148.1981, 60.0236
11148.9984, 60.0236
11149.7988, 60.0236
11150.5991, 60.0236
11151.3994, 60.0236
11152.1998, 60.0235
11153.0001, 60.0235
11153.8004, 60.0235
11154.6008, 60.0235
11155.4011, 60.0235
11156.2014, 60.0235
11157.0018, 60.0235
11157.8021, 60.0235
11158.6024, 60.0235
11159.4028, 60.0235
11160.2031, 60.0235
11161.0034, 60.0235
11161.8037, 60.0235
11162.604, 60.0235
11163.4043, 60.0235
11164.2048, 60.0235
11165.0051, 60.0235
11165.8054, 60.0235
11166.6058, 60.0235
11167.4061, 60.0234
11168.2056, 60.0357
11169.006, 60.0357
11169.8063, 60.0357
11170.6066, 60.0357
11171.407, 60.0357
11172.2073, 60.0357
11173.0084, 60.0234
11173.8088, 60.0234
11174.6091, 60.0234
11175.4094, 60.0234
11176.2098, 60.0234
11177.0101, 60.0234
11177.8096, 60.0357
11178.6099, 60.0357
11179.4102, 60.0357
11180.2106, 60.0357
11181.011, 60.0357
11181.8113, 60.0357
11182.6116, 60.0356
11183.412, 60.0356
11184.2123, 60.0356
11185.0126, 60.0356
11185.813, 60.0356
11186.6133, 60.0356
11187.4136, 60.0356
11188.214, 60.0356
11189.0135, 60.0479
11189.8138, 60.0479
11190.6141, 60.0479
11191.4144, 60.0479
11192.2147, 60.0479
11193.0151, 60.0479
11193.8155, 60.0479
11194.6158, 60.0479
11195.4161, 60.0479
11196.2165, 60.0479
11197.0168, 60.0478
11197.8172, 60.0478
11198.6175, 60.0478
11199.4178, 60.0478
11200.2182, 60.0478
11201.0185, 60.0478
11201.8188, 60.0478
11202.6192, 60.0478
11203.4195, 60.0478
11204.2198, 60.0478
11205.0202, 60.0478
11205.8205, 60.0478
11206.6208, 60.0478
11207.4212, 60.0478
11208.2215, 60.0478
11209.0218, 60.0478
11209.8222, 60.0478
11210.6225, 60.0478
11211.4228, 60.0478
11212.2232, 60.0478
11213.0235, 60.0477
11213.8237, 60.0477
11214.6242, 60.0477
11215.4245, 60.0477
11216.2256, 60.0354
11217.026, 60.0354
11217.8263, 60.0354
11218.6267, 60.0354
11219.427, 60.0354
11220.2273, 60.0354
11221.0277, 60.0354
11221.8279, 60.0354
11222.6282, 60.0354
11223.4287, 60.0354
11224.2298, 60.0231
11225.0301, 60.0231
11225.8305, 60.0231
11226.6308, 60.0231
11227.4311, 60.0231
11228.2315, 60.0231
11229.0318, 60.0231
11229.8321, 60.023
11230.6324, 60.023
11231.4328, 60.023
11232.2331, 60.023
11233.0335, 60.023
11233.8338, 60.023
11234.6341, 60.023
11235.4344, 60.023
11236.2348, 60.023
11237.0351, 60.023
11237.8355, 60.023
11238.6358, 60.023
11239.4361, 60.023
11240.2373, 60.0107
11241.0376, 60.0107
11241.838, 60.0107
11242.6383, 60.0107
11243.4386, 60.0107
11244.2389, 60.0107
11245.0401, 59.9984
11245.8405, 59.9984
11246.6416, 59.9861
11247.4419, 59.986
11248.2423, 59.986
11249.0426, 59.986
11249.8429, 59.986
11250.6433, 59.986
11251.4436, 59.986
11252.244, 59.986
11253.0443, 59.986
11253.8446, 59.986
11254.645, 59.986
11255.4453, 59.986
11256.2456, 59.986
11257.046, 59.986
11257.8463, 59.986
11258.6465, 59.986
11259.447, 59.986
11260.2473, 59.986
11261.0476, 59.986
11261.8479, 59.986
11262.6475, 59.9982
11263.4478, 59.9982
11264.2481, 59.9982
11265.0485, 59.9982
11265.8496, 59.9859
11266.65, 59.9859
11267.4503, 59.9859
11268.2506, 59.9859
11269.051, 59.9859
11269.8513, 59.9859
11270.6516, 59.9859
11271.452, 59.9859
11272.2523, 59.9859
11273.0526, 59.9859
11273.853, 59.9859
11274.6533, 59.9859
11275.4536, 59.9859
11276.254, 59.9859
11277.0543, 59.9859
11277.8546, 59.9859
11278.655, 59.9859
11279.4553, 59.9858
11280.2548, 59.9981
11281.0551, 59.9981
11281.8555, 59.9981
11282.6558, 59.9981
11283.4561, 59.9981
11284.2565, 59.9981
11285.0568, 59.9981
11285.8572, 59.9981
11286.6575, 59.9981
11287.4578, 59.9981
11288.2582, 59.9981
11289.0585, 59.9981
11289.858, 60.0104
11290.6583, 60.0104
11291.4586, 60.0104
11292.259, 60.0104
11293.0585, 60.0226
11293.8588, 60.0226
11294.6592, 60.0226
11295.4595, 60.0226
11296.2599, 60.0226
11297.0602, 60.0226
11297.8605, 60.0226
11298.6609, 60.0226
11299.4612, 60.0226
11300.2615, 60.0226
11301.0619, 60.0226
11301.8622, 60.0226
11302.6625, 60.0226
11303.4637, 60.0103
11304.264, 60.0103
11304.2648, 59.998
11305.0652, 59.998
11305.8662, 59.9857
