#DataThief C:\Users\Andy.DESKTOP-CFRG05F\OneDrive - California Institute of Technology\Documents\Research\Kornfield\EXPERIMENTS\Italy\data\datathief\20190724_1532_1000kPa_mp1.PNG Wednesday 24-Jul-2019 7:29:01 PM
12274.4, 14.0101
12274.9007, 14.01
12275.4009, 14.01
12275.9016, 14.0099
12275.9021, 14.0097
12276.4029, 14.0096
12276.4034, 14.0095
12276.9041, 14.0093
12276.9045, 14.0092
12277.4053, 14.0091
12277.4058, 14.0089
12277.9066, 14.0088
12277.9071, 14.0087
12278.4078, 14.0086
12278.4083, 14.0084
12278.909, 14.0083
12278.9096, 14.0082
12279.4102, 14.008
12279.4108, 14.0079
12279.9115, 14.0078
12279.912, 14.0076
12280.4127, 14.0075
12280.4133, 14.0074
12280.914, 14.0072
12280.9144, 14.0071
12281.4152, 14.007
12281.4157, 14.0068
12281.9163, 14.0067
12281.917, 14.0066
12282.4177, 14.0065
12282.9184, 14.0063
12282.9189, 14.0062
12283.4196, 14.0061
12283.4201, 14.0059
12283.9209, 14.0058
12283.9214, 14.0057
12284.4221, 14.0055
12284.9228, 14.0054
12284.9233, 14.0053
12285.4241, 14.0051
12285.4245, 14.005
12285.9253, 14.0049
12285.9258, 14.0047
12286.4264, 14.0046
12286.427, 14.0045
12286.9278, 14.0044
12286.9283, 14.0042
12287.429, 14.0041
12287.9292, 14.0041
12288.4299, 14.004
12288.4304, 14.0038
12288.9311, 14.0037
12288.9317, 14.0036
12289.4324, 14.0034
12289.4329, 14.0033
12289.9336, 14.0032
12289.9341, 14.003
12290.4348, 14.0029
12290.4354, 14.0028
12290.9361, 14.0026
12290.9365, 14.0025
12291.4373, 14.0024
12291.4378, 14.0023
12291.9386, 14.0021
12292.4388, 14.0021
12292.9395, 14.002
12292.94, 14.0019
12293.4407, 14.0017
12293.4412, 14.0016
12293.9419, 14.0015
12293.9425, 14.0013
12294.4432, 14.0012
12294.4437, 14.0011
12294.9444, 14.0009
12294.9449, 14.0008
12295.4456, 14.0007
12295.4462, 14.0006
12295.9468, 14.0004
12296.4471, 14.0004
12296.9478, 14.0003
12296.9483, 14.0002
12297.449, 14.0
12297.4496, 13.9999
12297.9503, 13.9998
12297.9508, 13.9996
12298.4515, 13.9995
12298.452, 13.9994
12298.9527, 13.9992
12299.453, 13.9992
12299.9537, 13.999
12299.9542, 13.999
12300.4549, 13.9988
12300.4554, 13.9987
12300.9561, 13.9986
12301.4564, 13.9986
12301.9571, 13.9985
12301.9576, 13.9983
12302.4583, 13.9982
12302.4588, 13.9981
12302.9595, 13.9979
12303.4597, 13.9979
12303.9605, 13.9978
12303.9609, 13.9977
12304.4617, 13.9975
12304.4622, 13.9973
12304.9628, 13.9973
12305.4631, 13.9973
12305.9639, 13.9971
12305.9644, 13.9969
12306.4651, 13.9969
12306.4656, 13.9967
12306.9663, 13.9966
12307.4665, 13.9966
12307.9673, 13.9965
12307.9678, 13.9964
12308.4685, 13.9962
12308.9687, 13.9962
12309.4694, 13.9961
12309.4699, 13.996
12309.9707, 13.9958
12310.4708, 13.9958
12310.9716, 13.9957
12310.9721, 13.9956
12311.4727, 13.9954
12311.9729, 13.9954
12312.4738, 13.9952
12312.4743, 13.9952
12312.975, 13.995
12313.4752, 13.995
12313.9759, 13.9949
12313.9764, 13.9948
12314.4772, 13.9946
12314.9774, 13.9946
12315.4781, 13.9945
12315.4786, 13.9944
12315.9792, 13.9943
12316.4795, 13.9943
12316.9802, 13.9941
12316.9808, 13.994
12317.4815, 13.9939
12317.9817, 13.9939
12318.4824, 13.9937
12318.9826, 13.9937
12319.4833, 13.9936
12319.4839, 13.9935
12319.9846, 13.9933
12320.4848, 13.9933
12320.9855, 13.9931
12321.4857, 13.9931
12321.9864, 13.9931
12321.9868, 13.9929
12322.4877, 13.9928
12322.9879, 13.9928
12323.4886, 13.9927
12323.9888, 13.9927
12324.4895, 13.9925
12324.9897, 13.9925
12325.4905, 13.9924
12325.491, 13.9923
12325.9917, 13.9922
12326.4919, 13.9922
12326.9926, 13.992
12327.4928, 13.992
12327.9935, 13.9919
12328.4938, 13.9919
12328.9945, 13.9918
12328.995, 13.9916
12329.4957, 13.9915
12329.9959, 13.9915
12330.4966, 13.9914
12330.9968, 13.9914
12331.4976, 13.9912
12331.9978, 13.9912
12332.4985, 13.991
12332.9987, 13.991
12333.4994, 13.991
12334.0002, 13.9908
12334.5004, 13.9908
12335.0011, 13.9907
12335.5013, 13.9907
12336.002, 13.9906
12336.5022, 13.9906
12337.0029, 13.9904
12337.5037, 13.9903
12338.0039, 13.9903
12338.5046, 13.9902
12339.0048, 13.9902
12339.5055, 13.9901
12340.0057, 13.9901
12340.5065, 13.9899
12341.0067, 13.9899
12341.5074, 13.9898
12342.0076, 13.9898
12342.5083, 13.9897
12343.0085, 13.9897
12343.5091, 13.9895
12344.0094, 13.9895
12344.5102, 13.9893
12345.0104, 13.9893
12345.511, 13.9893
12346.0113, 13.9893
12346.512, 13.9891
12347.0122, 13.9891
12347.513, 13.9889
12348.0132, 13.9889
12348.5139, 13.9889
12349.0141, 13.9889
12349.5148, 13.9887
12350.015, 13.9887
12350.5157, 13.9886
12351.016, 13.9886
12351.5167, 13.9885
12352.0169, 13.9885
12352.5175, 13.9883
12353.0178, 13.9883
12353.5185, 13.9882
12354.0187, 13.9882
12354.5194, 13.9881
12355.0197, 13.9881
12355.5199, 13.9881
12356.0201, 13.9881
12356.5208, 13.988
12357.021, 13.988
12357.5217, 13.9878
12358.022, 13.9878
12358.5227, 13.9877
12359.0229, 13.9877
12359.5236, 13.9876
12360.0238, 13.9876
12360.524, 13.9876
12361.0242, 13.9876
12361.525, 13.9874
12362.0252, 13.9874
12362.5259, 13.9872
12363.0261, 13.9872
12363.5263, 13.9872
12364.0265, 13.9872
12364.5272, 13.9872
12365.0274, 13.9872
12365.5282, 13.987
12366.0284, 13.987
12366.5286, 13.987
12367.0288, 13.987
12367.5295, 13.9868
12368.0297, 13.9868
12368.5304, 13.9868
12369.0306, 13.9868
12369.5309, 13.9868
12370.0311, 13.9868
12370.5318, 13.9866
12371.032, 13.9866
12371.5322, 13.9866
12372.0324, 13.9866
12372.5331, 13.9865
12373.0333, 13.9865
12373.5335, 13.9865
12374.0338, 13.9865
12374.5345, 13.9864
12375.0347, 13.9864
12375.5354, 13.9862
12376.0356, 13.9862
12376.5358, 13.9862
12377.036, 13.9862
12377.5368, 13.9861
12378.037, 13.9861
12378.5372, 13.9861
12379.0374, 13.9861
12379.5381, 13.986
12380.0383, 13.986
12380.5385, 13.986
12381.0387, 13.986
12381.5394, 13.9859
12382.0397, 13.9859
12382.5399, 13.9859
12383.0401, 13.9859
12383.5408, 13.9857
12384.041, 13.9857
12384.5412, 13.9857
12385.0414, 13.9857
12385.5421, 13.9856
12386.0423, 13.9856
12386.5426, 13.9856
12387.0428, 13.9856
12387.5434, 13.9855
12388.0437, 13.9855
12388.5439, 13.9855
12389.0441, 13.9855
12389.5448, 13.9853
12390.045, 13.9853
12390.5453, 13.9853
12391.0455, 13.9853
12391.5462, 13.9851
12392.0464, 13.9851
12392.5466, 13.9851
12393.0468, 13.9851
12393.547, 13.9851
12394.0472, 13.9851
12394.5479, 13.9851
12395.0482, 13.9851
12395.5484, 13.9851
12396.0486, 13.9851
12396.5493, 13.9849
12397.0495, 13.9849
12397.5497, 13.9849
12398.0499, 13.9849
12398.5506, 13.9848
12399.0508, 13.9848
12399.5511, 13.9848
12400.0513, 13.9848
12400.5514, 13.9848
12401.0517, 13.9848
12401.5524, 13.9847
12402.0526, 13.9847
12402.5528, 13.9847
12403.053, 13.9847
12403.5532, 13.9847
12404.0534, 13.9847
12404.5542, 13.9845
12405.0544, 13.9845
12405.5546, 13.9845
12406.0548, 13.9845
12406.555, 13.9845
12407.0552, 13.9845
12407.5558, 13.9844
12408.0561, 13.9844
12408.5564, 13.9844
12409.0566, 13.9844
12409.5568, 13.9844
12410.057, 13.9844
12410.5577, 13.9843
12411.0579, 13.9843
12411.5581, 13.9843
12412.0583, 13.9843
12412.5585, 13.9843
12413.0587, 13.9843
12413.5594, 13.9841
12414.0597, 13.9841
12414.5598, 13.9841
12415.0601, 13.9841
12415.5603, 13.9841
12416.0605, 13.9841
12416.5612, 13.984
12417.0614, 13.984
12417.5615, 13.984
12418.0619, 13.984
12418.5621, 13.984
12419.0623, 13.984
12419.5625, 13.984
12420.0627, 13.984
12420.5634, 13.9839
12421.0636, 13.9839
12421.5638, 13.9839
12422.064, 13.9839
12422.5642, 13.9839
12423.0645, 13.9839
12423.5652, 13.9837
12424.0654, 13.9837
12424.5655, 13.9837
12425.0658, 13.9837
12425.5659, 13.9837
12426.0662, 13.9837
12426.5669, 13.9836
12427.0671, 13.9836
12427.5674, 13.9836
12428.0676, 13.9836
12428.5678, 13.9836
12429.068, 13.9836
12429.5682, 13.9836
12430.0684, 13.9836
12430.5691, 13.9835
12431.0693, 13.9835
12431.5695, 13.9835
12432.0697, 13.9835
12432.5699, 13.9835
12433.0702, 13.9835
12433.5704, 13.9835
12434.0706, 13.9835
12434.5713, 13.9834
12435.0715, 13.9834
12435.5716, 13.9834
12436.0719, 13.9834
12436.5721, 13.9834
12437.0723, 13.9834
12437.5726, 13.9834
12438.0728, 13.9834
12438.5735, 13.9832
12439.0737, 13.9832
12439.5739, 13.9832
12440.0741, 13.9832
12440.5743, 13.9832
12441.0745, 13.9832
12441.5747, 13.9832
12442.0749, 13.9832
12442.5752, 13.9832
12443.0754, 13.9832
12443.576, 13.983
12444.0763, 13.983
12444.5765, 13.983
12445.0767, 13.983
12445.5769, 13.983
12446.0771, 13.983
12446.5773, 13.983
12447.0775, 13.983
12447.5783, 13.983
12448.0785, 13.983
12448.5787, 13.983
12449.0789, 13.983
12449.5791, 13.983
12450.0793, 13.983
12450.5795, 13.983
12451.0796, 13.983
12451.5798, 13.983
12452.0801, 13.983
12452.5809, 13.9828
12453.0811, 13.9828
12453.5813, 13.9828
12454.0815, 13.9828
12454.5817, 13.9828
12455.0819, 13.9828
12455.5821, 13.9828
12456.0823, 13.9828
12456.5825, 13.9828
12457.0827, 13.9828
12457.5835, 13.9827
12458.0836, 13.9827
12458.5838, 13.9827
12459.0841, 13.9827
12459.5843, 13.9827
12460.0845, 13.9827
12460.5847, 13.9827
12461.0849, 13.9827
12461.5851, 13.9827
12462.0853, 13.9827
12462.5861, 13.9826
12463.0863, 13.9826
12463.5865, 13.9826
12464.0867, 13.9826
12464.5869, 13.9826
12465.0871, 13.9826
12465.5873, 13.9826
12466.0875, 13.9826
12466.5877, 13.9826
12467.0879, 13.9826
12467.588, 13.9826
12468.0884, 13.9826
12468.5886, 13.9826
12469.0888, 13.9826
12469.5895, 13.9824
12470.0897, 13.9824
12470.5899, 13.9824
12471.0901, 13.9824
12471.5903, 13.9824
12472.0905, 13.9824
12472.5907, 13.9824
12473.091, 13.9824
12473.5912, 13.9824
12474.0914, 13.9824
12474.592, 13.9823
12475.0923, 13.9823
12475.5925, 13.9823
12476.0927, 13.9823
12476.5929, 13.9823
12477.0931, 13.9823
12477.5933, 13.9823
12478.0936, 13.9823
12478.5937, 13.9823
12479.094, 13.9823
12479.5941, 13.9823
12480.0944, 13.9823
12480.5951, 13.9822
12481.0953, 13.9822
12481.5955, 13.9822
12482.0957, 13.9822
12482.5958, 13.9822
12483.0961, 13.9822
12483.5964, 13.9822
12484.0966, 13.9822
12484.5968, 13.9822
12485.097, 13.9822
12485.5972, 13.9822
12486.0974, 13.9822
12486.5976, 13.9822
12487.0977, 13.9822
12487.5979, 13.9822
12488.0982, 13.9822
12488.599, 13.982
12489.0992, 13.982
12489.5994, 13.982
12490.0996, 13.982
12490.5998, 13.982
12491.1, 13.982
12491.6002, 13.982
12492.1004, 13.982
12492.6006, 13.982
12493.1008, 13.982
12493.601, 13.982
12494.1013, 13.982
12494.6015, 13.982
12495.1017, 13.982
12495.6024, 13.9819
12496.1026, 13.9819
12496.6028, 13.9819
12497.103, 13.9819
12497.6032, 13.9819
12498.1034, 13.9819
12498.6036, 13.9819
12499.1039, 13.9819
12499.604, 13.9819
12500.1043, 13.9819
12500.6045, 13.9819
12501.1047, 13.9819
12501.6049, 13.9819
12502.1051, 13.9819
12502.6053, 13.9819
12503.1055, 13.9819
12503.6057, 13.9819
12504.1059, 13.9819
12504.6061, 13.9819
12505.1064, 13.9819
12505.6071, 13.9818
12506.1073, 13.9818
12506.6075, 13.9818
12507.1077, 13.9818
12507.6078, 13.9818
12508.1081, 13.9818
12508.6082, 13.9818
12509.1085, 13.9818
12509.6087, 13.9818
12510.109, 13.9818
12510.6092, 13.9818
12511.1094, 13.9818
12511.6096, 13.9818
12512.1098, 13.9818
12512.6099, 13.9818
12513.1102, 13.9818
12513.6109, 13.9816
12514.1111, 13.9816
12514.6113, 13.9816
12515.1116, 13.9816
12515.6118, 13.9816
12516.112, 13.9816
12516.6122, 13.9816
12517.1124, 13.9816
12517.6126, 13.9816
12518.1128, 13.9816
12518.613, 13.9816
12519.1132, 13.9816
12519.6134, 13.9816
12520.1136, 13.9816
12520.6138, 13.9816
12521.1141, 13.9816
12521.6143, 13.9816
12522.1145, 13.9816
12522.6147, 13.9816
12523.1149, 13.9816
12523.6151, 13.9816
12524.1153, 13.9816
12524.616, 13.9815
12525.1162, 13.9815
12525.6164, 13.9815
12526.1167, 13.9815
12526.6169, 13.9815
12527.1171, 13.9815
12527.6173, 13.9815
12528.1175, 13.9815
12528.6172, 13.9816
12529.1174, 13.9816
12529.6171, 13.9818
