#DataThief C:\Users\Andy.DESKTOP-CFRG05F\OneDrive - California Institute of Technology\Documents\Research\Kornfield\EXPERIMENTS\Italy\data\datathief\20190719_1347_7200kPa_mp1.PNG Wednesday 24-Jul-2019 10:02:01 AM
5382.1569, 13.4596
5382.1569, 13.4597
5382.1569, 13.4598
5382.1569, 13.4599
5382.6077, 13.46
5382.6077, 13.4601
5383.0584, 13.4601
5383.0584, 13.4602
5383.0584, 13.4603
5383.0584, 13.4603
5383.0584, 13.4604
5383.0584, 13.4605
5383.5091, 13.4605
5383.5091, 13.4606
5383.5091, 13.4607
5383.5091, 13.4607
5383.5091, 13.4609
5383.9599, 13.461
5383.9599, 13.4611
5383.9599, 13.4612
5384.4107, 13.4612
5384.4107, 13.4613
5384.4107, 13.4613
5384.4107, 13.4614
5384.8614, 13.4614
5384.8614, 13.4615
5385.3122, 13.4615
5385.3122, 13.4616
5385.3122, 13.4617
5385.3122, 13.4618
5385.7629, 13.4619
5385.7629, 13.462
5386.2137, 13.462
5386.2137, 13.4621
5386.6644, 13.4621
5386.6644, 13.4622
5387.1152, 13.4622
5387.1152, 13.4622
5387.1152, 13.4623
5387.5659, 13.4623
5387.5659, 13.4624
5387.5659, 13.4625
5388.0167, 13.4625
5388.0167, 13.4626
5388.0167, 13.4627
5388.0167, 13.4628
5388.4674, 13.4628
5388.4674, 13.4628
5388.9182, 13.4628
5388.9182, 13.463
5388.9182, 13.4631
5388.9182, 13.4631
5388.9182, 13.4632
5388.9182, 13.4633
5389.3689, 13.4633
5389.3689, 13.4634
5389.3689, 13.4635
5389.3689, 13.4636
5389.8197, 13.4636
5390.2705, 13.4636
5390.2705, 13.4637
5390.2705, 13.4638
5390.2705, 13.4639
5390.2705, 13.464
5390.2705, 13.4641
5390.2705, 13.4641
5390.2705, 13.4642
5390.2705, 13.4643
5390.2705, 13.4644
5390.2705, 13.4645
5390.7212, 13.4646
5390.7212, 13.4647
5390.7212, 13.4647
5390.7212, 13.4649
5391.172, 13.465
5391.172, 13.465
5391.172, 13.4651
5391.6227, 13.4651
5391.6227, 13.4652
5391.6227, 13.4653
5392.0735, 13.4653
5392.0735, 13.4654
5392.0735, 13.4655
5392.0735, 13.4656
5392.5242, 13.4656
5392.5242, 13.4657
5392.5242, 13.4658
5392.975, 13.4658
5392.975, 13.4659
5393.4257, 13.4659
5393.4257, 13.466
5393.4257, 13.466
5393.8765, 13.466
5393.8765, 13.4661
5393.8765, 13.4662
5394.3272, 13.4662
5394.3272, 13.4663
5394.778, 13.4663
5394.778, 13.4664
5395.2287, 13.4664
5395.2287, 13.4665
5395.2287, 13.4666
5395.6795, 13.4666
5396.1302, 13.4666
5396.1302, 13.4667
5396.581, 13.4667
5396.581, 13.4668
5396.581, 13.4668
5397.0317, 13.4668
5397.0317, 13.4668
5397.4825, 13.4668
5397.9332, 13.4668
5397.9332, 13.467
5398.384, 13.467
5398.384, 13.4671
5398.8347, 13.4671
5398.8347, 13.4672
5399.2854, 13.4672
5399.7362, 13.4672
5399.7362, 13.4673
5400.187, 13.4673
5400.6377, 13.4673
5401.0885, 13.4673
5401.0885, 13.4674
5401.0885, 13.4675
5401.5392, 13.4675
5401.5392, 13.4676
5401.99, 13.4676
5401.99, 13.4677
5401.99, 13.4678
5401.99, 13.4678
5402.4407, 13.4678
5402.4407, 13.4679
5402.4407, 13.468
5402.4407, 13.4681
5402.8915, 13.4681
5402.8915, 13.4682
5402.8915, 13.4683
5403.3422, 13.4683
5403.793, 13.4683
5403.793, 13.4684
5403.793, 13.4685
5403.793, 13.4686
5403.793, 13.4687
5403.793, 13.4687
5403.793, 13.4687
5403.793, 13.4689
5403.793, 13.4689
5403.793, 13.4691
5404.2437, 13.4692
5404.2437, 13.4693
5404.2437, 13.4694
5404.2437, 13.4695
5404.6945, 13.4696
5404.6945, 13.4697
5404.6945, 13.4697
5404.6945, 13.4698
5405.1452, 13.4698
5405.1452, 13.4699
5405.1452, 13.47
5405.1452, 13.4701
5405.596, 13.4701
5405.596, 13.4702
5405.596, 13.4703
5405.596, 13.4704
5406.0467, 13.4704
5406.0467, 13.4705
5406.4975, 13.4706
5406.4975, 13.4706
5406.4975, 13.4707
5406.9482, 13.4707
5406.9482, 13.4708
5406.9482, 13.4708
5407.399, 13.4708
5407.399, 13.471
5407.8497, 13.471
5407.8497, 13.4711
5407.8497, 13.4712
5408.3005, 13.4712
5408.3005, 13.4713
5408.7513, 13.4713
5408.7513, 13.4714
5409.202, 13.4714
5409.202, 13.4715
5409.6528, 13.4715
5409.6528, 13.4716
5410.1035, 13.4716
5410.1035, 13.4716
5410.5543, 13.4716
5411.005, 13.4716
5411.005, 13.4717
5411.4558, 13.4717
5411.9064, 13.4717
5411.9064, 13.4718
5412.3573, 13.4718
5412.808, 13.4718
5412.808, 13.4719
5413.2588, 13.4719
5413.7095, 13.4719
5414.1602, 13.4719
5414.611, 13.4719
5415.0618, 13.4719
5415.5125, 13.4719
5415.9633, 13.4718
5416.414, 13.4717
5416.8648, 13.4716
5416.8648, 13.4716
5417.3155, 13.4716
5417.7663, 13.4716
5417.7663, 13.4715
5417.7663, 13.4714
5418.217, 13.4714
5418.217, 13.4713
5418.6678, 13.4713
5419.1185, 13.4713
5419.5693, 13.4714
5419.5693, 13.4715
5420.02, 13.4716
5420.02, 13.4716
5420.02, 13.4717
5420.4708, 13.4718
5420.4708, 13.4719
5420.9215, 13.4719
5420.9215, 13.472
5420.9215, 13.4721
5420.9215, 13.4722
5420.9215, 13.4723
5421.3723, 13.4723
5421.3723, 13.4724
5421.3723, 13.4725
5421.3723, 13.4725
5421.823, 13.4725
5421.823, 13.4726
5421.823, 13.4727
5422.2738, 13.4727
5422.2738, 13.4727
5422.2738, 13.4729
5422.7245, 13.4729
5422.7245, 13.4729
5422.7245, 13.4731
5423.1753, 13.4731
5423.1753, 13.4732
5423.626, 13.4732
5423.626, 13.4733
5424.0768, 13.4733
5424.0768, 13.4734
5424.5274, 13.4734
5424.5274, 13.4734
5424.9783, 13.4734
5425.429, 13.4734
5425.429, 13.4735
5425.8798, 13.4735
5426.3306, 13.4735
5426.3306, 13.4736
5426.7812, 13.4736
5427.2321, 13.4736
5427.6827, 13.4736
5428.1336, 13.4736
5428.1336, 13.4737
5428.5843, 13.4737
5429.0351, 13.4737
5429.4858, 13.4737
5429.9365, 13.4737
5430.3873, 13.4737
5430.838, 13.4737
5431.2888, 13.4736
5431.7396, 13.4736
5432.1903, 13.4735
5432.6411, 13.4735
5432.6411, 13.4734
5433.0918, 13.4734
5433.5426, 13.4734
5433.9933, 13.4734
5433.9933, 13.4735
5434.4441, 13.4736
5434.4441, 13.4737
5434.8948, 13.4738
5434.8948, 13.4739
5434.8948, 13.474
5435.3456, 13.474
5435.3456, 13.4741
5435.7963, 13.4741
5435.7963, 13.4742
5435.7963, 13.4743
5436.2471, 13.4743
5436.2471, 13.4744
5436.6978, 13.4744
5437.1486, 13.4744
5437.1486, 13.4744
5437.5993, 13.4744
5438.0501, 13.4744
5438.0501, 13.4745
5438.5008, 13.4745
5438.9516, 13.4745
5439.4022, 13.4745
5439.8531, 13.4745
5440.3038, 13.4745
5440.7546, 13.4745
5441.2053, 13.4745
5441.6561, 13.4744
5442.1068, 13.4744
5442.5575, 13.4744
5443.0083, 13.4744
5443.4591, 13.4744
5443.9098, 13.4744
5443.9098, 13.4743
5444.3606, 13.4743
5444.8114, 13.4743
5444.8114, 13.4742
5445.2621, 13.4742
5445.7128, 13.4742
5445.7128, 13.4743
5446.1636, 13.4744
5446.1636, 13.4744
5446.1636, 13.4745
5446.6143, 13.4745
5446.6143, 13.4746
5446.6143, 13.4747
5446.6143, 13.4748
5447.0651, 13.4748
5447.0651, 13.4748
5447.0651, 13.475
5447.0651, 13.4751
5447.5159, 13.4751
5447.5159, 13.4752
5447.5159, 13.4753
5447.9666, 13.4753
5447.9666, 13.4753
5447.9666, 13.4754
5448.4174, 13.4754
5448.4174, 13.4755
5448.8681, 13.4756
5448.8681, 13.4757
5449.3189, 13.4757
5449.3189, 13.4758
5449.3189, 13.4759
5449.7696, 13.4759
5449.7696, 13.476
5450.2204, 13.476
5450.2204, 13.4761
5450.6711, 13.4761
5451.1219, 13.4761
5451.1219, 13.4762
5451.5726, 13.4762
5452.0234, 13.4762
5452.4741, 13.4762
5452.9249, 13.4762
5453.3756, 13.4762
5453.8264, 13.4762
5454.2771, 13.4762
5454.7279, 13.4762
5455.1786, 13.4762
5455.6294, 13.4762
5456.0801, 13.4762
5456.5309, 13.4761
5456.9816, 13.476
5457.4324, 13.476
5457.4324, 13.4759
5457.8831, 13.4759
5457.8831, 13.4758
5458.3338, 13.4758
5458.3338, 13.4757
5458.7846, 13.4757
5458.7846, 13.4756
5459.2354, 13.4756
5459.6861, 13.4756
5460.1369, 13.4757
5460.5876, 13.4758
5461.0384, 13.4759
5461.0384, 13.476
5461.0384, 13.4761
5461.0384, 13.4762
5461.4891, 13.4763
5461.4891, 13.4763
5461.4891, 13.4764
5461.9399, 13.4764
5461.9399, 13.4765
5461.9399, 13.4766
5461.9399, 13.4767
5462.3907, 13.4767
5462.3907, 13.4768
5462.3907, 13.4769
5462.8414, 13.4769
5462.8414, 13.4769
5462.8414, 13.4771
5462.8414, 13.4772
5463.2922, 13.4772
5463.2922, 13.4772
5463.7429, 13.4772
5463.7429, 13.4773
5464.1937, 13.4773
5464.1937, 13.4774
5464.1937, 13.4775
5464.6444, 13.4775
5464.6444, 13.4776
5465.0952, 13.4776
5465.0952, 13.4777
5465.5459, 13.4777
5465.9967, 13.4777
5466.4474, 13.4777
5466.8982, 13.4777
5467.3489, 13.4776
5467.7997, 13.4776
5468.2504, 13.4776
5468.7012, 13.4776
5469.1519, 13.4775
5469.6027, 13.4775
5469.6027, 13.4774
5470.0534, 13.4774
5470.0534, 13.4773
5470.5042, 13.4773
5470.9548, 13.4773
5471.4057, 13.4773
5471.4057, 13.4772
5471.8564, 13.4772
5471.8564, 13.4772
5472.3072, 13.4772
5472.3072, 13.4771
5472.7579, 13.4771
5472.7579, 13.4769
5473.2086, 13.4769
5473.2086, 13.4769
5473.6594, 13.4769
5473.6594, 13.4768
5474.1102, 13.4768
5474.1102, 13.4767
5474.1102, 13.4766
5474.5609, 13.4766
5475.0117, 13.4766
5475.4624, 13.4766
5475.9132, 13.4767
5475.9132, 13.4768
5476.3639, 13.4769
5476.3639, 13.4769
5476.3639, 13.4771
5476.8147, 13.4771
5476.8147, 13.4772
5476.8147, 13.4772
5476.8147, 13.4773
5476.8147, 13.4774
5477.2654, 13.4774
5477.2654, 13.4775
5477.2654, 13.4776
5477.7162, 13.4776
5477.7162, 13.4777
5478.1669, 13.4777
5478.1669, 13.4778
5478.6177, 13.4778
5478.6177, 13.4779
5478.6177, 13.478
5479.0684, 13.478
5479.0684, 13.4781
5479.5192, 13.4781
5479.5192, 13.4781
5479.9699, 13.4781
5479.9699, 13.4782
5480.4207, 13.4782
5480.8715, 13.4782
5481.3222, 13.4782
5481.773, 13.4782
5482.2237, 13.4781
5482.6745, 13.4781
5483.1252, 13.478
5483.1252, 13.4779
5483.1252, 13.4778
5483.576, 13.4778
5483.576, 13.4777
5484.0267, 13.4777
5484.0267, 13.4776
5484.0267, 13.4775
5484.4775, 13.4775
5484.9282, 13.4775
5485.379, 13.4775
5485.8296, 13.4776
5486.2805, 13.4777
5486.2805, 13.4778
5486.7311, 13.4779
5486.7311, 13.478
5486.7311, 13.4781
5486.7311, 13.4781
5487.182, 13.4781
5487.182, 13.4782
5487.182, 13.4783
5487.182, 13.4784
5487.6327, 13.4784
5487.6327, 13.4785
5488.0835, 13.4785
5488.0835, 13.4786
5488.0835, 13.4787
5488.5342, 13.4787
5488.5342, 13.4788
5488.5342, 13.4788
5488.9849, 13.4788
5488.9849, 13.479
5489.4357, 13.479
5489.4357, 13.4791
5489.4357, 13.4791
5489.8864, 13.4791
5489.8864, 13.4792
5490.3372, 13.4792
5490.3372, 13.4793
5490.788, 13.4793
5490.788, 13.4794
5491.2387, 13.4794
5491.6895, 13.4794
5492.1402, 13.4794
5492.591, 13.4794
5493.0417, 13.4794
5493.4925, 13.4794
5493.9432, 13.4794
5494.394, 13.4793
5494.8447, 13.4793
5495.2955, 13.4793
5495.7462, 13.4792
5496.197, 13.4792
5496.197, 13.4791
5496.6477, 13.4791
5496.6477, 13.4791
5497.0985, 13.4791
5497.0985, 13.479
5497.5492, 13.479
5497.5492, 13.4788
5498.0, 13.4788
5498.0, 13.4788
5498.4508, 13.4788
5498.4508, 13.4787
5498.9015, 13.4786
5498.9015, 13.4785
5499.3523, 13.4785
5499.3523, 13.4784
5499.3523, 13.4783
5499.803, 13.4783
5500.2538, 13.4783
5500.7045, 13.4783
5501.1553, 13.4783
5501.6059, 13.4784
5502.0568, 13.4785
5502.0568, 13.4786
5502.0568, 13.4787
5502.0568, 13.4788
5502.5074, 13.4788
5502.5074, 13.4788
5502.5074, 13.479
5502.9583, 13.4791
5502.9583, 13.4791
5503.409, 13.4791
5503.409, 13.4792
5503.409, 13.4793
5503.8598, 13.4793
5503.8598, 13.4794
5504.3105, 13.4794
5504.3105, 13.4795
5504.3105, 13.4796
5504.7612, 13.4796
5505.212, 13.4796
5505.212, 13.4797
5505.6627, 13.4797
5505.6627, 13.4798
5506.1135, 13.4798
5506.1135, 13.4799
5506.5643, 13.4799
5507.015, 13.4799
5507.4658, 13.4799
5507.9165, 13.4799
5508.3673, 13.4798
5508.818, 13.4798
5509.2688, 13.4798
5509.7195, 13.4797
5510.1703, 13.4796
5510.621, 13.4796
5510.621, 13.4795
5511.0718, 13.4795
5511.0718, 13.4794
5511.5225, 13.4794
5511.5225, 13.4793
5511.9733, 13.4793
5511.9733, 13.4792
5512.424, 13.4792
5512.424, 13.4791
5512.8748, 13.4791
5512.8748, 13.4791
5513.3255, 13.4791
5513.3255, 13.479
5513.7763, 13.479
5513.7763, 13.4788
5513.7763, 13.4788
5514.227, 13.4788
5514.227, 13.4787
5514.6778, 13.4787
5515.1285, 13.4787
5515.5793, 13.4787
5516.0301, 13.4788
5516.4808, 13.4788
5516.4808, 13.479
5516.4808, 13.4791
5516.9316, 13.4791
5516.9316, 13.4792
5516.9316, 13.4793
5517.3822, 13.4793
5517.3822, 13.4794
5517.8331, 13.4794
5517.8331, 13.4795
5518.2838, 13.4795
5518.2838, 13.4796
5518.7346, 13.4796
5518.7346, 13.4797
5519.1853, 13.4797
5519.1853, 13.4798
5519.636, 13.4798
5519.636, 13.4799
5520.0868, 13.4799
5520.5375, 13.4799
5520.5375, 13.48
5520.9883, 13.48
5521.4391, 13.48
5521.8898, 13.48
5522.3406, 13.48
5522.7913, 13.48
5523.2421, 13.4799
5523.6928, 13.4799
5524.1436, 13.4798
5524.5943, 13.4797
5525.0451, 13.4797
5525.0451, 13.4796
5525.4958, 13.4796
5525.4958, 13.4795
5525.9466, 13.4795
5525.9466, 13.4794
5525.9466, 13.4793
5526.3973, 13.4793
5526.3973, 13.4792
5526.8481, 13.4792
5526.8481, 13.4791
5526.8481, 13.4791
5527.2988, 13.4791
5527.2988, 13.479
5527.7496, 13.479
5527.7496, 13.4788
5527.7496, 13.4788
5528.2003, 13.4788
5528.2003, 13.4787
5528.6511, 13.4786
5529.1018, 13.4786
5529.5526, 13.4786
5530.0033, 13.4786
5530.4541, 13.4787
5530.4541, 13.4788
5530.9048, 13.4788
5531.3556, 13.479
5531.3556, 13.4791
5531.8063, 13.4791
5532.257, 13.4791
5532.257, 13.4792
5532.7078, 13.4792
5532.7078, 13.4793
5533.1586, 13.4793
5533.1586, 13.4794
5533.6093, 13.4794
5534.0601, 13.4794
5534.5109, 13.4794
5534.9616, 13.4794
5535.4123, 13.4794
5535.8631, 13.4794
5536.3139, 13.4794
5536.7646, 13.4793
5537.2154, 13.4792
5537.6661, 13.4792
5537.6661, 13.4791
5538.1169, 13.4791
5538.5676, 13.4791
5538.5676, 13.4791
5538.5676, 13.479
5539.0184, 13.479
5539.0184, 13.4788
5539.4691, 13.4788
5539.4691, 13.4788
5539.4691, 13.4787
5539.9199, 13.4787
5539.9199, 13.4786
5540.3706, 13.4786
5540.3706, 13.4785
5540.8214, 13.4785
5541.2721, 13.4785
5541.7229, 13.4785
5542.1736, 13.4786
5542.6244, 13.4787
5542.6244, 13.4788
5543.0751, 13.4788
5543.0751, 13.479
5543.0751, 13.4791
5543.5259, 13.4791
5543.5259, 13.4791
5543.9766, 13.4791
5543.9766, 13.4792
5544.4274, 13.4792
5544.4274, 13.4793
5544.878, 13.4793
5544.878, 13.4794
5545.3289, 13.4794
5545.7795, 13.4794
5545.7795, 13.4795
5546.2304, 13.4795
5546.6811, 13.4795
5547.1319, 13.4795
5547.5826, 13.4795
5548.0334, 13.4795
5548.4841, 13.4794
5548.9348, 13.4794
5549.3856, 13.4794
5549.8364, 13.4793
5549.8364, 13.4792
5550.2871, 13.4792
5550.2871, 13.4791
5550.7379, 13.4791
5550.7379, 13.4791
5550.7379, 13.479
5551.1886, 13.479
5551.1886, 13.4788
5551.6394, 13.4788
5551.6394, 13.4788
5552.0902, 13.4788
5552.0902, 13.4787
5552.5409, 13.4787
5552.5409, 13.4786
5552.9917, 13.4786
5552.9917, 13.4785
5553.4424, 13.4785
5553.8932, 13.4785
5554.3439, 13.4786
5554.3439, 13.4787
5554.7947, 13.4788
5555.2454, 13.4788
5555.2454, 13.479
5555.2454, 13.4791
5555.6962, 13.4791
5555.6962, 13.4791
5556.1469, 13.4791
5556.1469, 13.4792
5556.5977, 13.4792
5556.5977, 13.4793
5557.0484, 13.4793
5557.0484, 13.4794
5557.4992, 13.4794
5557.9499, 13.4794
5557.9499, 13.4795
5558.4007, 13.4795
5558.8514, 13.4795
5558.8514, 13.4796
5559.3022, 13.4796
5559.7529, 13.4796
5560.2037, 13.4796
5560.6543, 13.4795
5561.1052, 13.4795
5561.5558, 13.4794
5562.0067, 13.4794
5562.4574, 13.4793
5562.4574, 13.4792
5562.9082, 13.4792
5562.9082, 13.4791
5562.9082, 13.4791
5563.3589, 13.4791
5563.3589, 13.479
5563.8096, 13.479
5563.8096, 13.4788
5564.2604, 13.4788
5564.2604, 13.4788
5564.2604, 13.4787
5564.7112, 13.4787
5564.7112, 13.4786
5565.1619, 13.4786
5565.1619, 13.4785
5565.6127, 13.4785
5565.6127, 13.4784
5566.0634, 13.4784
5566.5142, 13.4784
5566.5142, 13.4785
5566.9649, 13.4786
5567.4157, 13.4787
5567.8664, 13.4788
5567.8664, 13.4788
5567.8664, 13.479
5568.3172, 13.479
5568.7679, 13.4791
5569.2187, 13.4791
5569.2187, 13.4791
5569.6694, 13.4791
5569.6694, 13.4792
5570.1202, 13.4792
5570.571, 13.4792
5570.571, 13.4793
5571.0217, 13.4793
5571.4725, 13.4793
5571.9232, 13.4793
5572.374, 13.4793
5572.8247, 13.4792
5573.2755, 13.4792
5573.7262, 13.4791
5574.177, 13.4791
5574.6277, 13.4791
5574.6277, 13.479
5575.0785, 13.479
5575.0785, 13.4788
5575.5292, 13.4788
5575.5292, 13.4788
5575.98, 13.4788
5575.98, 13.4787
5575.98, 13.4786
5576.4307, 13.4786
5576.4307, 13.4785
5576.8815, 13.4785
5576.8815, 13.4784
5577.3322, 13.4784
5577.783, 13.4784
5578.2337, 13.4784
5578.2337, 13.4785
5578.6844, 13.4786
5579.1352, 13.4787
5579.1352, 13.4788
5579.1352, 13.4788
5579.5859, 13.4788
5579.5859, 13.479
5579.5859, 13.4791
5580.0367, 13.4791
5580.0367, 13.4791
5580.4875, 13.4791
5580.4875, 13.4792
5580.9382, 13.4792
5580.9382, 13.4793
5581.389, 13.4793
5581.389, 13.4794
5581.8397, 13.4794
5581.8397, 13.4795
5582.2905, 13.4795
5582.7412, 13.4795
5582.7412, 13.4796
5583.192, 13.4796
5583.6427, 13.4796
5584.0935, 13.4796
5584.5442, 13.4795
5584.995, 13.4795
5585.4457, 13.4795
5585.8965, 13.4794
5586.3472, 13.4793
5586.3472, 13.4792
5586.798, 13.4792
5586.798, 13.4791
5587.2487, 13.4791
5587.2487, 13.4791
5587.6995, 13.4791
5587.6995, 13.479
5587.6995, 13.4788
5588.1503, 13.4788
5588.1503, 13.4788
5588.601, 13.4788
5588.601, 13.4787
5589.0518, 13.4787
5589.5025, 13.4787
5589.9533, 13.4788
5590.404, 13.4788
5590.8548, 13.479
5590.8548, 13.4791
5590.8548, 13.4791
5591.3054, 13.4791
5591.3054, 13.4792
5591.7563, 13.4792
5591.7563, 13.4793
5592.207, 13.4793
5592.207, 13.4794
5592.6578, 13.4794
5592.6578, 13.4795
5593.1085, 13.4795
5593.5593, 13.4795
5593.5593, 13.4796
5594.01, 13.4796
5594.4607, 13.4796
5594.9115, 13.4796
5595.3623, 13.4796
5595.813, 13.4796
5596.2638, 13.4796
5596.7145, 13.4795
5597.1653, 13.4795
5597.616, 13.4794
5597.616, 13.4793
5598.0668, 13.4793
5598.0668, 13.4792
5598.5175, 13.4792
5598.5175, 13.4791
5598.9683, 13.4791
5598.9683, 13.4791
5599.419, 13.4791
5599.419, 13.479
5599.8698, 13.479
5600.3205, 13.479
5600.7713, 13.479
5601.222, 13.479
5601.6728, 13.4791
5602.1235, 13.4791
5602.5743, 13.4791
5603.025, 13.4792
5603.025, 13.4793
5603.4758, 13.4793
5603.4758, 13.4794
5603.9264, 13.4794
5603.9264, 13.4795
5604.3773, 13.4795
5604.3773, 13.4796
5604.3773, 13.4797
5604.8279, 13.4797
5604.8279, 13.4798
5604.8279, 13.4799
5605.2788, 13.4799
5605.2788, 13.48
5605.2788, 13.48
5605.7295, 13.4801
5605.7295, 13.4802
5606.1803, 13.4802
5606.1803, 13.4803
5606.1803, 13.4804
5606.6311, 13.4804
5606.6311, 13.4805
5606.6311, 13.4806
5606.6311, 13.4807
5607.0818, 13.4807
5607.0818, 13.4808
5607.5326, 13.4808
5607.5326, 13.4809
5607.9832, 13.4809
5608.4341, 13.4809
5608.4341, 13.4809
5608.8848, 13.4809
5609.3356, 13.4809
5609.7863, 13.4809
5610.2371, 13.4809
5610.6878, 13.4809
5611.1386, 13.4809
5611.5893, 13.4809
5612.0401, 13.4809
5612.4908, 13.4808
5612.9416, 13.4808
5612.9416, 13.4807
5613.3923, 13.4807
5613.3923, 13.4806
5613.8431, 13.4806
5613.8431, 13.4805
5614.2938, 13.4805
5614.7446, 13.4805
5615.1953, 13.4805
5615.6461, 13.4806
5616.0968, 13.4807
5616.5476, 13.4808
5616.9983, 13.4809
5616.9983, 13.4809
5617.4491, 13.4809
5617.4491, 13.4809
5617.8998, 13.4809
5617.8998, 13.4811
5618.3506, 13.4811
5618.8013, 13.4811
5619.2521, 13.4811
5619.7027, 13.4811
5620.1536, 13.4811
5620.6042, 13.4809
5621.0551, 13.4809
5621.5058, 13.4809
5621.9566, 13.4809
5621.9566, 13.4808
5622.4073, 13.4808
5622.4073, 13.4807
5622.4073, 13.4806
5622.858, 13.4806
5622.858, 13.4805
5623.3088, 13.4805
5623.3088, 13.4804
5623.3088, 13.4803
5623.7596, 13.4803
5624.2104, 13.4803
5624.6611, 13.4803
5625.1118, 13.4803
5625.1118, 13.4804
5625.5626, 13.4805
5626.0134, 13.4806
5626.4641, 13.4807
5626.4641, 13.4808
5626.9149, 13.4808
5627.3656, 13.4808
5627.3656, 13.4809
5627.8164, 13.4809
5627.8164, 13.4809
5628.2671, 13.4809
5628.7179, 13.4809
5628.7179, 13.4809
5629.1686, 13.4809
5629.6194, 13.4809
5630.0701, 13.4809
5630.5209, 13.4809
5630.9716, 13.4809
5631.4224, 13.4809
5631.8731, 13.4808
5631.8731, 13.4807
5632.3239, 13.4806
5632.3239, 13.4805
5632.7746, 13.4805
5632.7746, 13.4804
