#DataThief C:\Users\Andy.DESKTOP-CFRG05F\OneDrive - California Institute of Technology\Documents\Research\Kornfield\EXPERIMENTS\Italy\data\datathief\20190801_0809_1k3f_30c\20190809_1609_1k3f_110kPa_30c_p.PNG Sunday 25-Aug-2019 1:02:57 PM
10411.8397, 1500.9665
10412.5067, 1500.9641
10413.1736, 1500.9616
10413.8406, 1500.959
10414.5074, 1500.9566
10415.1745, 1500.9541
10415.8414, 1500.9517
10416.5083, 1500.9492
10417.1753, 1500.9466
10417.8422, 1500.9442
10418.5091, 1500.9418
10419.1761, 1500.9393
10419.8431, 1500.9367
10420.51, 1500.9343
10421.177, 1500.9318
10421.8439, 1500.9294
10422.5109, 1500.9268
10423.1778, 1500.9243
10423.8447, 1500.9219
10424.5117, 1500.9195
10425.1786, 1500.917
10425.8456, 1500.9144
10426.5125, 1500.912
10427.1795, 1500.9096
10427.8464, 1500.9071
10428.5133, 1500.9045
10429.1803, 1500.9021
10429.8472, 1500.8996
10430.5142, 1500.8972
10431.1811, 1500.8947
10431.8481, 1500.8921
10431.8488, 1494.9496
10431.8494, 1489.007
10431.85, 1483.0643
10431.8508, 1477.1217
10431.8515, 1471.1791
10431.8521, 1465.2365
10431.8529, 1459.2938
10431.8535, 1453.3512
10431.8542, 1447.4086
10431.8549, 1441.466
10431.8556, 1435.5232
10431.8563, 1429.5807
10431.857, 1423.6381
10432.5246, 1417.693
10432.5253, 1411.7504
10432.526, 1405.8077
10432.5266, 1399.8651
10432.5272, 1393.9224
10432.528, 1387.9799
10432.5287, 1382.0372
10432.5293, 1376.0946
10432.5301, 1370.152
10432.5307, 1364.2094
10433.1984, 1358.2642
10433.1991, 1352.3216
10433.1997, 1346.379
10433.2004, 1340.4364
10433.2011, 1334.4937
10433.2018, 1328.5511
10433.2025, 1322.6085
10433.2032, 1316.6659
10433.2038, 1310.7231
10433.2045, 1304.7806
10433.2052, 1298.838
10433.8728, 1292.8929
10433.8735, 1286.9503
10433.8742, 1281.0076
10433.8749, 1275.065
10433.8756, 1269.1224
10433.8761, 1263.1798
10433.8769, 1257.2371
10434.5446, 1251.292
10434.5452, 1245.3494
10434.5459, 1239.4068
10434.5466, 1233.4642
10434.5473, 1227.5215
10434.548, 1221.5789
10434.5487, 1215.6362
10434.5493, 1209.6937
10435.217, 1203.7486
10435.2177, 1197.8058
10435.2183, 1191.8633
10435.219, 1185.9207
10435.2197, 1179.9781
10435.2204, 1174.0354
10435.2211, 1168.0928
10435.2218, 1162.1502
10435.2224, 1156.2075
10435.8901, 1150.2624
10435.8908, 1144.3197
10435.8914, 1138.3772
10435.8921, 1132.4346
10435.8928, 1126.4919
10435.8935, 1120.5493
10435.8942, 1114.6067
10436.5617, 1108.6616
10436.5625, 1102.7189
10436.5632, 1096.7763
10436.5638, 1090.8336
10436.5645, 1084.8911
10436.5652, 1078.9485
10436.5659, 1073.0058
10436.5666, 1067.0632
10437.2342, 1061.1181
10437.2349, 1055.1755
10437.2356, 1049.2328
10437.2363, 1043.2902
10437.2368, 1037.3476
10437.2376, 1031.405
10437.2383, 1025.4624
10437.9059, 1019.5173
10437.9066, 1013.5746
10437.9073, 1007.632
10437.908, 1001.6894
10437.9087, 995.7468
10437.9094, 989.8041
10438.577, 983.859
10438.5777, 977.9163
10438.5783, 971.9738
10438.579, 966.0311
10438.5796, 960.0885
10438.5804, 954.1459
10439.248, 948.2008
10439.2487, 942.2582
10439.2494, 936.3155
10439.2501, 930.3729
10439.2508, 924.4303
10439.2514, 918.4877
10439.9191, 912.5426
10439.9198, 906.5998
10439.9203, 900.6573
10439.9211, 894.7147
10439.9218, 888.7721
10440.5894, 882.827
10440.5901, 876.8843
10440.5908, 870.9417
10440.5915, 864.999
10440.5922, 859.0565
10441.2598, 853.1114
10441.2605, 847.1687
10441.2612, 841.2261
10441.2618, 835.2835
10441.2625, 829.3409
10441.9302, 823.3958
10441.9308, 817.4531
10441.9315, 811.5105
10441.9322, 805.5678
10441.9329, 799.6252
10442.6005, 793.6801
10442.6012, 787.7375
10442.6019, 781.7949
10442.6026, 775.8523
10443.2702, 769.9072
10443.2709, 763.9645
10443.2716, 758.0219
10443.2722, 752.0793
10443.2729, 746.1367
10443.9405, 740.1916
10443.9412, 734.2489
10443.9419, 728.3063
10443.9426, 722.3637
10444.6101, 716.4186
10444.6109, 710.476
10444.6116, 704.5333
10445.2792, 698.5882
10445.2799, 692.6456
10445.2806, 686.7029
10445.2812, 680.7604
10445.9489, 674.8153
10445.9496, 668.8726
10445.9503, 662.93
10446.6179, 656.9849
10446.6186, 651.0423
10446.6193, 645.0996
10447.2869, 639.1545
10447.2876, 633.2119
10447.2883, 627.2692
10447.9559, 621.3242
10447.9566, 615.3816
10447.9573, 609.4389
10448.6249, 603.4938
10448.6256, 597.5512
10448.6263, 591.6086
10449.2939, 585.6635
10449.2946, 579.7208
10449.2952, 573.7782
10449.9628, 567.8331
10449.9636, 561.8904
10450.6312, 555.9454
10450.6319, 550.0028
10451.2995, 544.0577
10451.3002, 538.115
10451.3009, 532.1724
10451.9685, 526.2273
10451.9691, 520.2847
10452.6368, 514.3396
10452.6375, 508.397
10453.3051, 502.4519
10453.3058, 496.5091
10453.9734, 490.5641
10453.9741, 484.6215
10454.6417, 478.6764
10455.3094, 472.7313
10455.3101, 466.7887
10455.9777, 460.8436
10455.9784, 454.901
10456.646, 448.9558
10456.6467, 443.0132
10457.3143, 437.0681
10457.9819, 431.123
10458.6496, 425.1779
10458.6502, 419.2353
10459.3179, 413.2902
10459.9855, 407.3451
10460.6531, 401.4
10460.6538, 395.4574
10461.3214, 389.5123
10461.9891, 383.5672
10462.6566, 377.6219
10463.3243, 371.6768
10463.992, 365.7318
10464.6596, 359.7867
10465.3272, 353.8416
10465.9948, 347.8965
10466.6625, 341.9514
10467.3294, 341.9489
10467.9969, 336.0039
10468.6646, 330.0588
10469.3316, 330.0563
10469.9992, 324.1112
10470.6669, 318.1661
10471.3338, 318.1636
10472.0014, 312.2185
10472.6691, 306.2734
10473.3367, 300.3283
10474.0036, 300.3258
10474.6713, 294.3807
10475.3389, 288.4356
10476.0058, 288.4331
10476.6735, 282.488
10477.3404, 282.4855
10478.008, 276.5404
10478.675, 276.538
10479.3426, 270.5929
10480.0102, 264.6478
10480.6772, 264.6453
10481.3441, 264.6428
10482.0118, 258.6977
10482.6787, 258.6952
10482.6794, 252.7526
10482.6801, 246.81
10483.3477, 240.8649
10484.0153, 234.9198
10484.6823, 234.9173
10485.3492, 234.9148
10486.0162, 234.9123
10486.6838, 228.9672
10487.3507, 228.9647
10488.0177, 228.9623
10488.6853, 223.0172
10489.3529, 217.0721
10490.0199, 217.0695
10490.6867, 217.0671
10491.3538, 217.0646
10492.0214, 211.1195
10492.6883, 211.1171
10493.3553, 211.1146
10494.0222, 211.1121
10494.6899, 205.167
10495.3568, 205.1645
10496.0238, 205.1621
10496.6907, 205.1596
10497.3576, 205.1571
10498.0253, 199.212
10498.6922, 199.2095
10499.3592, 199.207
10500.0261, 199.2046
10500.6931, 199.2021
10501.3607, 193.257
10502.0276, 193.2545
10502.6945, 193.252
10503.3615, 193.2496
10504.0285, 193.2471
10504.6961, 187.302
10505.363, 187.2995
10506.03, 187.297
10506.6968, 187.2945
10507.3639, 187.2921
10508.0308, 187.2896
10508.6978, 187.2871
10509.3654, 181.342
10510.0323, 181.3395
10510.6993, 181.3371
10511.3662, 181.3346
10512.0332, 181.3321
10512.7001, 181.3296
10513.3671, 181.3271
10514.0347, 175.382
10514.7016, 175.3796
10515.3686, 175.3771
10516.0355, 175.3746
10516.7025, 175.3721
10517.3694, 175.3697
10518.0364, 175.3672
10518.704, 169.4221
10519.3709, 169.4196
10520.0379, 169.4171
10520.7048, 169.4146
10521.3718, 169.4122
10522.0387, 169.4097
10522.7056, 169.4072
10523.3726, 169.4047
10524.0395, 169.4022
10524.7072, 163.4572
10525.374, 163.4546
10526.0411, 163.4522
10526.708, 163.4497
10527.3749, 163.4472
10528.0419, 163.4447
10528.7088, 163.4423
10529.3758, 163.4398
10530.0427, 163.4373
10530.7097, 163.4349
10531.3773, 157.4898
10532.0442, 157.4873
10532.7112, 157.4848
10533.378, 157.4823
10534.0451, 157.4799
10534.712, 157.4774
10535.379, 157.4748
10536.0459, 157.4724
10536.7128, 157.4699
10537.3798, 157.4675
10538.0467, 157.465
10538.7137, 157.4625
10539.3806, 157.46
10540.0476, 157.4576
10540.7151, 151.5125
10541.3822, 151.51
10542.0491, 151.5074
10542.716, 151.505
10543.383, 151.5025
10544.0499, 151.5001
10544.7168, 151.4976
10545.3838, 151.495
10546.0508, 151.4926
10546.7177, 151.4902
10547.3847, 151.4877
10548.0516, 151.4852
10548.7185, 151.4827
10549.3855, 151.4803
10550.0524, 151.4778
10550.7194, 151.4753
10551.387, 145.5302
10552.054, 145.5276
10552.7208, 145.5252
10553.3878, 145.5228
10554.0548, 145.5203
10554.7217, 145.5178
10555.3887, 145.5152
10556.0556, 145.5129
10556.7226, 145.5104
10557.3895, 145.5079
10558.0565, 145.5053
10558.7234, 145.5029
10559.3902, 145.5005
10560.0573, 145.498
10560.7242, 145.4955
10561.3912, 145.4929
10562.0581, 145.4906
10562.725, 145.4881
10563.392, 145.4856
10564.059, 145.483
10564.7266, 139.538
10565.3935, 139.5356
10566.0605, 139.5331
10566.7274, 139.5306
10567.3944, 139.5281
10568.0613, 139.5255
10568.7283, 139.5232
10569.3952, 139.5207
10570.0622, 139.5182
10570.729, 139.5157
10571.396, 139.5133
10572.063, 139.5108
10572.7299, 139.5083
10573.3969, 139.5058
10574.0638, 139.5032
10574.7308, 139.5009
10575.3977, 139.4984
10576.0647, 139.4959
10576.7316, 139.4934
10577.3985, 139.491
10578.0655, 139.4885
10578.7324, 139.486
10579.4001, 133.5409
10580.067, 133.5384
10580.734, 133.536
10581.4009, 133.5335
10582.0678, 133.531
10582.7348, 133.5285
10583.4017, 133.526
10584.0687, 133.5236
10584.7356, 133.5211
10585.4026, 133.5186
10586.0695, 133.5161
10586.7365, 133.5137
10587.4034, 133.5112
10588.0703, 133.5087
10588.7372, 133.5062
10589.4042, 133.5037
10590.0712, 133.5013
10590.7381, 133.4988
10591.4051, 133.4963
10592.072, 133.4938
10592.7389, 133.4914
10593.4059, 133.4889
10594.0728, 133.4864
10594.7398, 133.4839
10595.4067, 133.4815
10596.0737, 133.479
10596.7406, 133.4765
10597.4076, 133.474
10598.0745, 133.4715
10598.7415, 133.4691
10599.4083, 133.4666
10600.0754, 133.4641
10600.7423, 133.4616
10601.4092, 133.4592
10602.0762, 133.4567
10602.7431, 133.4542
10603.4101, 133.4517
10604.0777, 127.5066
10604.7446, 127.5042
10605.4116, 127.5017
10606.0785, 127.4992
10606.7455, 127.4967
10607.4123, 127.4942
10608.0794, 127.4918
10608.0801, 121.5491
10608.7477, 115.604
10609.4146, 115.6016
10610.0816, 115.5991
10610.7485, 115.5966
10611.4155, 115.5941
10612.0824, 115.5917
10612.75, 109.6465
10613.417, 109.6441
10614.0839, 109.6416
10614.7509, 109.6391
10615.4178, 109.6366
10616.0848, 109.6341
10616.7517, 109.6317
10617.4187, 109.6292
10618.0856, 109.6267
10618.7525, 109.6242
10619.4195, 109.6218
10620.0864, 109.6193
10620.7534, 109.6168
10621.4203, 109.6143
10622.0873, 109.6118
10622.7542, 109.6094
10623.4212, 109.6069
10624.0881, 109.6044
10624.755, 109.6019
10625.422, 109.5995
10626.0889, 109.597
10626.7559, 109.5945
10627.4228, 109.592
10628.0898, 109.5896
10628.7567, 109.5871
10629.4237, 109.5846
10630.0906, 109.5821
10630.7574, 109.5796
10631.4245, 109.5772
10632.0914, 109.5747
10632.7584, 109.5722
10633.4253, 109.5697
10634.0923, 109.5673
10634.7591, 109.5648
10635.4262, 109.5623
10636.0931, 109.5598
10636.7601, 109.5574
10637.427, 109.5549
10638.0939, 109.5524
10638.7609, 109.5499
10639.4278, 109.5474
10640.0948, 109.545
10640.7617, 109.5425
10641.4287, 109.54
10642.0956, 109.5375
10642.7626, 109.5351
10643.4295, 109.5326
10644.0964, 109.5301
10644.7633, 109.5276
10645.4303, 109.5252
10646.0973, 109.5227
10646.7635, 115.4628
10647.4304, 115.4604
10648.0974, 115.4579
10648.7644, 115.4554
10649.4313, 115.4529
10650.0983, 115.4505
10650.7652, 115.448
10651.4322, 115.4455
10652.0991, 115.443
10652.766, 115.4405
10653.433, 115.4381
10654.0999, 115.4356
10654.7669, 115.4331
10655.4338, 115.4306
10656.1008, 115.4282
10656.7677, 115.4257
10657.4346, 115.4232
10658.1016, 115.4207
10658.7685, 115.4183
10659.4355, 115.4158
10660.1024, 115.4133
10660.7694, 115.4108
10661.4363, 115.4083
10662.1033, 115.4059
10662.7702, 115.4034
10663.4372, 115.4009
10664.1041, 115.3984
10664.7711, 115.396
10665.438, 115.3935
10666.1049, 115.391
10666.7719, 115.3885
10667.4388, 115.386
10668.1058, 115.3836
10668.7727, 115.3811
10669.4397, 115.3786
10670.1066, 115.3761
10670.7736, 115.3737
10671.4405, 115.3712
10672.1074, 115.3687
10672.7744, 115.3662
10673.4413, 115.3638
10674.1083, 115.3613
10674.7752, 115.3588
10675.4422, 115.3563
10676.1091, 115.3538
10676.7761, 115.3514
10677.443, 115.3489
10678.1099, 115.3464
10678.7769, 115.3439
10679.4438, 115.3415
10680.1108, 115.339
10680.7776, 115.3365
10681.4447, 115.334
10682.1116, 115.3316
10682.7786, 115.3291
10683.4455, 115.3266
10684.1125, 115.3241
10684.7793, 115.3216
10685.4463, 115.3192
10686.1133, 115.3167
10686.7802, 115.3142
10687.4472, 115.3117
10688.1141, 115.3093
10688.7811, 115.3068
10689.448, 115.3043
10690.115, 115.3018
10690.7819, 115.2993
10691.4487, 115.2969
10692.1158, 115.2944
10692.7827, 115.2919
10693.4497, 115.2894
10694.1166, 115.287
10694.7835, 115.2845
10695.4505, 115.282
10696.1175, 115.2795
10696.7844, 115.2771
10697.4513, 115.2746
10698.1183, 115.2721
10698.7852, 115.2696
10699.4522, 115.2671
10700.1191, 115.2647
10700.7861, 115.2622
10701.453, 115.2597
10702.12, 115.2572
10702.7869, 115.2548
10703.4539, 115.2523
10704.1208, 115.2498
10704.7877, 115.2473
10705.4546, 115.2449
10706.1216, 115.2424
10706.7886, 115.2399
10707.4555, 115.2374
10708.1225, 115.2349
10708.7894, 115.2325
10709.4564, 115.23
10710.1233, 115.2275
10710.7902, 115.225
10711.4572, 115.2226
10712.1241, 115.2201
10712.7911, 115.2176
10713.458, 115.2151
10714.125, 115.2127
10714.7919, 115.2102
10715.4588, 115.2077
10716.1258, 115.2052
10716.7927, 115.2027
10717.4597, 115.2003
10718.1266, 115.1978
10718.7936, 115.1953
10719.4605, 115.1928
10720.1275, 115.1904
10720.7944, 115.1879
10721.4614, 115.1854
10722.1283, 115.1829
10722.7953, 115.1804
10723.4622, 115.178
10724.1291, 115.1755
10724.7961, 115.173
10725.463, 115.1705
10726.13, 115.1681
10726.7969, 115.1656
10727.4639, 115.1631
10728.1308, 115.1606
10728.7978, 115.1582
10729.4647, 115.1557
10730.1316, 115.1532
10730.7986, 115.1507
10731.4655, 115.1482
10732.1325, 115.1458
10732.7993, 115.1433
10733.4664, 115.1408
10734.1333, 115.1383
10734.8003, 115.1359
10735.4672, 115.1334
10736.1342, 115.1309
10736.8011, 115.1284
10737.468, 115.126
10738.135, 115.1235
10738.8018, 115.121
10739.4689, 115.1185
10740.1358, 115.116
10740.8028, 115.1136
10741.4697, 115.1111
10742.1367, 115.1086
10742.8035, 115.1061
10743.4705, 115.1037
10744.1375, 115.1012
10744.8044, 115.0987
10745.4714, 115.0962
10746.1383, 115.0937
10746.8053, 115.0913
10747.4722, 115.0888
10748.1392, 115.0863
10748.8061, 115.0838
10749.4729, 115.0814
10750.14, 115.0789
10750.8069, 115.0764
10751.4739, 115.0739
10752.1408, 115.0715
10752.8077, 115.069
10753.4747, 115.0665
10754.1417, 115.064
10754.8086, 115.0615
10755.4756, 115.0591
10756.1425, 115.0566
10756.8094, 115.0541
10757.4764, 115.0516
10758.1433, 115.0492
10758.8103, 115.0467
10759.4772, 115.0442
10760.1442, 115.0417
10760.8111, 115.0393
10761.4781, 115.0368
10762.145, 115.0343
10762.8119, 115.0318
10763.4788, 115.0293
10764.1458, 115.0269
10764.8128, 115.0244
10765.4797, 115.0219
10766.1467, 115.0194
10766.8136, 115.017
10767.4806, 115.0145
10768.1475, 115.012
10768.8144, 115.0095
10769.4814, 115.007
10770.1482, 115.0046
10770.8153, 115.0021
10771.4822, 114.9996
10772.1492, 114.9971
10772.8161, 114.9947
10773.483, 114.9922
10774.15, 114.9897
10774.817, 114.9872
10775.4839, 114.9848
10776.1508, 114.9823
10776.8178, 114.9798
10777.4847, 114.9773
10778.1517, 114.9748
10778.8186, 114.9724
10779.4856, 114.9699
10780.1525, 114.9674
10780.8195, 114.9649
10781.4864, 114.9625
10782.1533, 114.96
10782.8203, 114.9575
10783.4872, 114.955
10784.1542, 114.9526
10784.8211, 114.9501
10785.4881, 114.9476
10786.155, 114.9451
10786.822, 114.9426
10787.4889, 114.9402
10788.1558, 114.9377
10788.8228, 114.9352
10789.4897, 114.9327
10790.1567, 114.9303
10790.8235, 114.9278
10791.4906, 114.9253
10792.1575, 114.9228
10792.8245, 114.9203
10793.4914, 114.9179
10794.1584, 114.9154
10794.8253, 114.9129
10795.4922, 114.9104
10796.1592, 114.908
10796.826, 114.9055
10797.4931, 114.903
10798.16, 114.9005
10798.827, 114.8981
10799.4939, 114.8956
10800.1609, 114.8931
10800.8277, 114.8906
10801.4947, 114.8881
10802.1617, 114.8857
10802.8286, 114.8832
10803.4956, 114.8807
10804.1625, 114.8782
10804.8295, 114.8758
10805.4964, 114.8733
10806.1634, 114.8708
10806.8303, 114.8683
10807.4971, 114.8659
10808.1642, 114.8634
10808.8311, 114.8609
10809.4981, 114.8584
10810.165, 114.8559
