#DataThief C:\Users\Andy.DESKTOP-CFRG05F\OneDrive - California Institute of Technology\Documents\Research\Kornfield\EXPERIMENTS\Italy\data\datathief\20190801_0809_1k3f_30c\20190805_1830_1k3f_1000kPa_30c_mp1.PNG Sunday 25-Aug-2019 12:19:32 PM
5224.4027, 13.5651
5224.8691, 13.5651
5224.8686, 13.5652
5224.8681, 13.5652
5225.3345, 13.5653
5225.334, 13.5653
5225.3335, 13.5653
5225.7999, 13.5654
5225.7993, 13.5654
5225.7989, 13.5655
5226.2652, 13.5655
5226.2649, 13.5655
5226.2644, 13.5655
5226.2639, 13.5657
5226.7303, 13.5657
5226.7298, 13.5657
5226.7292, 13.5657
5227.1957, 13.5657
5227.1952, 13.5659
5227.1947, 13.5659
5227.6611, 13.5659
5228.1275, 13.5659
5228.127, 13.5661
5228.1266, 13.5661
5228.1261, 13.5662
5228.5925, 13.5662
5229.0588, 13.5663
5229.0584, 13.5663
5229.5247, 13.5663
5229.5243, 13.5664
5229.9907, 13.5664
5229.9902, 13.5665
5230.4566, 13.5665
5230.4561, 13.5666
5230.9224, 13.5666
5230.922, 13.5667
5231.3884, 13.5667
5231.8548, 13.5667
5231.8542, 13.5668
5232.3207, 13.5668
5232.787, 13.5669
5232.7866, 13.5669
5233.2529, 13.567
5233.7193, 13.567
5233.7187, 13.5671
5234.1852, 13.5671
5234.1848, 13.5672
5234.6511, 13.5672
5235.1175, 13.5672
5235.5838, 13.5673
5235.5834, 13.5673
5236.0498, 13.5674
5236.5162, 13.5674
5236.9826, 13.5675
5236.9821, 13.5675
5237.4485, 13.5676
5237.9149, 13.5676
5238.3812, 13.5676
5238.8476, 13.5676
5239.314, 13.5676
5239.3135, 13.5678
5239.7799, 13.5678
5240.2463, 13.5678
5240.7127, 13.5678
5241.1791, 13.568
5241.6454, 13.568
5242.1123, 13.568
5242.5787, 13.5681
5243.0451, 13.5681
5243.5114, 13.5681
5243.511, 13.5682
5243.9774, 13.5682
5244.4437, 13.5683
5244.9101, 13.5683
5244.9097, 13.5684
5245.3765, 13.5684
5245.8434, 13.5684
5245.8429, 13.5684
5245.8424, 13.5685
5246.3093, 13.5685
5246.7761, 13.5685
5247.2425, 13.5685
5247.242, 13.5685
5247.7088, 13.5685
5247.7084, 13.5686
5247.7079, 13.5686
5248.1748, 13.5686
5248.6412, 13.5687
5249.1081, 13.5687
5249.1076, 13.5687
5249.5744, 13.5687
5250.0408, 13.5688
5250.5072, 13.5688
5250.9736, 13.5689
5251.4404, 13.5689
5251.9068, 13.5689
5252.3732, 13.569
5252.8396, 13.569
5253.306, 13.569
5253.7728, 13.569
5253.7724, 13.5691
5253.7719, 13.5691
5254.2387, 13.5691
5254.7056, 13.5691
5255.172, 13.5692
5255.6383, 13.5692
5256.1052, 13.5692
5256.1048, 13.5693
5256.5711, 13.5693
5257.038, 13.5693
5257.5044, 13.5694
5257.9708, 13.5694
5258.4376, 13.5694
5258.904, 13.5695
5259.3704, 13.5695
5259.8368, 13.5695
5260.3032, 13.5695
5260.7694, 13.5695
5261.2364, 13.5695
5261.7027, 13.5697
5262.1696, 13.5697
5262.636, 13.5697
5263.1024, 13.5697
5263.5688, 13.5697
5264.0357, 13.5697
5264.502, 13.5699
5264.9684, 13.5699
5265.4348, 13.5699
5265.9012, 13.5699
5266.3681, 13.5699
5266.8344, 13.5699
5267.3013, 13.5699
5267.7677, 13.5701
5268.2341, 13.5701
5268.7008, 13.5701
5269.1673, 13.5702
5269.6337, 13.5702
5270.1006, 13.5702
5270.5669, 13.5703
5271.0333, 13.5703
5271.4997, 13.5704
5271.9666, 13.5704
5272.4334, 13.5704
5272.8998, 13.5704
5273.3662, 13.5704
5273.8326, 13.5705
5274.2993, 13.5705
5274.7658, 13.5705
5275.2327, 13.5705
5275.6991, 13.5706
5276.1659, 13.5706
5276.6322, 13.5706
5277.0987, 13.5707
5277.5651, 13.5707
5278.0319, 13.5707
5278.4988, 13.5707
5278.4983, 13.5708
5278.9647, 13.5708
5279.4316, 13.5708
5279.8979, 13.5708
5280.3648, 13.5708
5280.8312, 13.5709
5281.2976, 13.5709
5281.7644, 13.5709
5282.2313, 13.5709
5282.6977, 13.571
5283.1641, 13.571
5283.6309, 13.571
5284.0977, 13.571
5284.5642, 13.5711
5285.0306, 13.5711
5285.4974, 13.5711
5285.9643, 13.5711
5286.4307, 13.5712
5286.897, 13.5712
5287.3639, 13.5712
5287.8303, 13.5713
5288.2967, 13.5713
5288.7635, 13.5713
5289.2299, 13.5713
5289.6968, 13.5713
5290.1632, 13.5714
5290.63, 13.5714
5291.0969, 13.5714
5291.5633, 13.5714
5292.0296, 13.5715
5292.4965, 13.5715
5292.9628, 13.5715
5293.4298, 13.5715
5293.8961, 13.5716
5294.363, 13.5716
5294.8298, 13.5716
5295.2962, 13.5716
5295.7631, 13.5716
5296.2295, 13.5716
5296.6963, 13.5716
5297.1627, 13.5716
5297.6296, 13.5716
5298.096, 13.5716
5298.5628, 13.5716
5299.0292, 13.5718
5299.4961, 13.5718
5299.9625, 13.5718
5300.4293, 13.5718
5300.8957, 13.5718
5301.3626, 13.5718
5301.829, 13.5718
5302.2958, 13.5718
5302.7622, 13.572
5303.2291, 13.572
5303.6954, 13.572
5304.1623, 13.572
5304.6287, 13.5721
5305.0955, 13.5721
5305.5624, 13.5721
5306.0288, 13.5721
5306.4957, 13.5721
5306.962, 13.5722
5307.4289, 13.5722
5307.8953, 13.5722
5308.362, 13.5722
5308.829, 13.5722
5309.2953, 13.5722
5309.7622, 13.5722
5310.2286, 13.5723
5310.6955, 13.5723
5311.1623, 13.5723
5311.6287, 13.5723
5312.0956, 13.5723
5312.562, 13.5724
5313.0284, 13.5724
5313.4952, 13.5724
5313.9621, 13.5724
5314.4285, 13.5725
5314.8953, 13.5725
5315.3622, 13.5725
5315.8286, 13.5725
5316.2953, 13.5725
5316.7618, 13.5726
5317.2287, 13.5726
5317.6951, 13.5726
5318.1619, 13.5726
5318.6282, 13.5726
5319.0952, 13.5726
5319.562, 13.5726
5320.0284, 13.5727
5320.4953, 13.5727
5320.9617, 13.5727
5321.4285, 13.5727
5321.8954, 13.5727
5322.3622, 13.5727
5322.8286, 13.5728
5323.2955, 13.5728
5323.7619, 13.5728
5324.2287, 13.5728
5324.6951, 13.5729
5325.162, 13.5729
5325.6284, 13.5729
5326.0952, 13.5729
5326.5621, 13.5729
5327.0289, 13.5729
5327.4953, 13.573
5327.9622, 13.573
5328.4285, 13.573
5328.8954, 13.573
5329.3623, 13.573
5329.8287, 13.5731
5330.2955, 13.5731
5330.7624, 13.5731
5331.2288, 13.5731
5331.6956, 13.5731
5332.1625, 13.5731
5332.6289, 13.5731
5333.0957, 13.5731
5333.5626, 13.5731
5334.0295, 13.5731
5334.4959, 13.5732
5334.9622, 13.5732
5335.4291, 13.5732
5335.896, 13.5732
5336.3628, 13.5732
5336.8292, 13.5733
5337.2961, 13.5733
5337.7629, 13.5733
5338.2298, 13.5733
5338.6962, 13.5733
5339.163, 13.5733
5339.6294, 13.5734
5340.0963, 13.5734
5340.5627, 13.5734
5341.0295, 13.5734
5341.4964, 13.5734
5341.9632, 13.5734
5342.4296, 13.5735
5342.8965, 13.5735
5343.3634, 13.5735
5343.8296, 13.5735
5344.2966, 13.5735
5344.7635, 13.5735
5345.2298, 13.5735
5345.6966, 13.5735
5346.1636, 13.5735
5346.6303, 13.5735
5347.0968, 13.5735
5347.5636, 13.5735
5348.0305, 13.5735
5348.4974, 13.5735
5348.9638, 13.5735
5349.4306, 13.5735
5349.8975, 13.5735
5350.3644, 13.5735
5350.8307, 13.5737
5351.2976, 13.5737
5351.7645, 13.5737
5352.2308, 13.5737
5352.6977, 13.5737
5353.1646, 13.5737
5353.631, 13.5737
5354.0977, 13.5737
5354.5647, 13.5737
5355.0315, 13.5737
5355.4979, 13.5737
5355.9647, 13.5737
5356.4316, 13.5737
5356.8984, 13.5737
5357.3649, 13.5739
5357.8317, 13.5739
5358.2986, 13.5739
5358.765, 13.5739
5359.2319, 13.5739
5359.6987, 13.5739
5360.1656, 13.5739
5360.6324, 13.5739
5361.0988, 13.5739
5361.5657, 13.5739
5362.0325, 13.5739
5362.4989, 13.5739
5362.9658, 13.5739
5363.4327, 13.5739
5363.8995, 13.5739
5364.3664, 13.5739
5364.8328, 13.5739
5365.2995, 13.5739
5365.7665, 13.5739
5366.2333, 13.5739
5366.6997, 13.5741
5367.1666, 13.5741
5367.6334, 13.5741
5368.1003, 13.5741
5368.5667, 13.5741
5369.0336, 13.5741
5369.5004, 13.5741
5369.9673, 13.5741
5370.4341, 13.5741
5370.9005, 13.5742
5371.3674, 13.5742
5371.8342, 13.5742
5372.3011, 13.5742
5372.768, 13.5742
5373.2343, 13.5742
5373.7012, 13.5742
5374.1681, 13.5742
5374.6349, 13.5742
5375.1013, 13.5743
5375.5682, 13.5743
5376.035, 13.5743
5376.5019, 13.5743
5376.9683, 13.5743
5377.4351, 13.5743
5377.902, 13.5743
5378.3689, 13.5743
5378.8357, 13.5743
5379.3026, 13.5743
5379.769, 13.5744
5380.2358, 13.5744
5380.7027, 13.5744
5381.1696, 13.5744
5381.6359, 13.5744
5382.1028, 13.5744
5382.5697, 13.5744
5383.036, 13.5744
5383.5029, 13.5744
5383.9698, 13.5744
5384.4365, 13.5744
5384.9035, 13.5744
5385.3704, 13.5744
5385.8372, 13.5744
5386.3035, 13.5745
5386.7705, 13.5745
5387.2373, 13.5745
5387.7042, 13.5745
5388.171, 13.5745
5388.6374, 13.5745
5389.1043, 13.5745
5389.5711, 13.5745
5390.038, 13.5745
5390.5049, 13.5745
5390.9713, 13.5746
5391.4381, 13.5746
5391.905, 13.5746
5392.3718, 13.5746
5392.8387, 13.5746
5393.3056, 13.5746
5393.7719, 13.5746
5394.2388, 13.5746
5394.7057, 13.5746
5395.1724, 13.5746
5395.6394, 13.5746
5396.1063, 13.5746
5396.5726, 13.5747
5397.0395, 13.5747
5397.5064, 13.5747
5397.9731, 13.5747
5398.4401, 13.5747
5398.9064, 13.5747
5399.3733, 13.5747
5399.8401, 13.5747
5400.307, 13.5747
5400.7739, 13.5747
5401.2403, 13.5748
5401.7072, 13.5748
5402.174, 13.5748
5402.6409, 13.5748
5403.1077, 13.5748
5403.5746, 13.5748
5404.0415, 13.5748
5404.5083, 13.5748
5404.9747, 13.5748
5405.4416, 13.5748
5405.9083, 13.5748
5406.3753, 13.5748
5406.8422, 13.5748
5407.309, 13.5748
5407.7753, 13.5749
5408.2423, 13.5749
5408.709, 13.5749
5409.176, 13.5749
5409.6428, 13.5749
5410.1097, 13.5749
5410.576, 13.5749
5411.0429, 13.5749
5411.5098, 13.5749
5411.9767, 13.5749
5412.4435, 13.5749
5412.9104, 13.5749
5413.3773, 13.5749
5413.8436, 13.5749
5414.3105, 13.5749
5414.7774, 13.5749
5415.2442, 13.5749
5415.7111, 13.5749
5416.1779, 13.5749
5416.6442, 13.575
5417.1112, 13.575
5417.5779, 13.575
5418.0449, 13.575
5418.5118, 13.575
5418.9786, 13.575
5419.4455, 13.575
5419.9123, 13.575
5420.3787, 13.575
5420.8456, 13.575
5421.3125, 13.575
5421.7793, 13.575
5422.2462, 13.575
5422.713, 13.575
5423.1799, 13.575
5423.6463, 13.5751
5424.1132, 13.5751
5424.58, 13.5751
5425.0469, 13.5751
5425.5133, 13.5751
5425.9801, 13.5751
5426.447, 13.5751
5426.9138, 13.5751
5427.3807, 13.5751
5427.8476, 13.5751
5428.3144, 13.5751
5428.7812, 13.5751
5429.2481, 13.5751
5429.7149, 13.5751
5430.1819, 13.5751
5430.6487, 13.5751
5431.1151, 13.5752
5431.5819, 13.5752
5432.0488, 13.5752
5432.5157, 13.5752
5432.9821, 13.5752
5433.4489, 13.5752
5433.9158, 13.5752
5434.3827, 13.5752
5434.8495, 13.5752
5435.3164, 13.5752
5435.7833, 13.5752
5436.2501, 13.5752
5436.717, 13.5752
5437.1838, 13.5752
5437.6502, 13.5753
5438.1171, 13.5753
5438.5838, 13.5753
5439.0508, 13.5753
5439.5177, 13.5753
5439.9845, 13.5753
5440.4509, 13.5753
5440.9178, 13.5753
5441.3846, 13.5753
5441.8515, 13.5753
5442.3184, 13.5753
5442.7852, 13.5753
5443.2521, 13.5753
5443.7189, 13.5753
5444.1858, 13.5753
5444.6526, 13.5753
5445.1195, 13.5753
5445.5864, 13.5753
5446.0532, 13.5753
5446.5201, 13.5753
5446.987, 13.5753
5447.4534, 13.5753
5447.9202, 13.5753
5448.3871, 13.5753
5448.8538, 13.5753
5449.3208, 13.5753
5449.7872, 13.5754
5450.254, 13.5754
5450.7208, 13.5754
5451.1878, 13.5754
5451.6545, 13.5754
5452.1215, 13.5754
5452.5883, 13.5754
5453.0552, 13.5754
5453.5221, 13.5754
5453.9889, 13.5754
5454.4553, 13.5754
5454.9222, 13.5754
5455.389, 13.5754
5455.8559, 13.5754
5456.3228, 13.5754
5456.7896, 13.5754
5457.2565, 13.5754
5457.7233, 13.5754
5458.1902, 13.5754
5458.6566, 13.5755
5459.1235, 13.5755
5459.5903, 13.5755
5460.0572, 13.5755
5460.524, 13.5755
5460.9909, 13.5755
5461.4578, 13.5755
5461.9245, 13.5755
5462.3915, 13.5755
5462.8582, 13.5755
5463.3247, 13.5755
5463.7915, 13.5755
5464.2584, 13.5755
5464.7252, 13.5755
5465.1922, 13.5755
5465.659, 13.5755
5466.1259, 13.5755
5466.5928, 13.5755
5467.0596, 13.5755
5467.526, 13.5756
5467.9929, 13.5756
5468.4597, 13.5756
5468.9266, 13.5756
5469.3934, 13.5756
5469.8603, 13.5756
5470.3272, 13.5756
5470.794, 13.5756
5471.2609, 13.5756
5471.7278, 13.5756
5472.1945, 13.5756
5472.6615, 13.5756
5473.1283, 13.5756
5473.5952, 13.5756
5474.0621, 13.5756
5474.5289, 13.5756
5474.9958, 13.5756
5475.4626, 13.5756
5475.929, 13.5756
5476.3959, 13.5756
5476.8627, 13.5756
5477.3296, 13.5756
5477.7965, 13.5756
5478.2633, 13.5756
5478.7302, 13.5756
5479.1971, 13.5756
5479.6639, 13.5756
5480.1308, 13.5756
5480.5976, 13.5756
5481.064, 13.5756
5481.5309, 13.5756
5481.9977, 13.5756
5482.4646, 13.5756
5482.9315, 13.5756
5483.3982, 13.5756
5483.8652, 13.5756
5484.3321, 13.5756
5484.7989, 13.5756
5485.2658, 13.5756
5485.7326, 13.5756
5486.1995, 13.5756
5486.6663, 13.5756
5487.1327, 13.5756
5487.5996, 13.5756
5488.0665, 13.5756
5488.5333, 13.5756
5489.0002, 13.5756
5489.467, 13.5756
5489.9339, 13.5756
5490.4008, 13.5756
5490.8676, 13.5756
5491.3345, 13.5756
5491.8014, 13.5756
5492.2682, 13.5756
5492.7351, 13.5756
5493.2019, 13.5756
5493.6688, 13.5756
5494.1357, 13.5756
5494.6019, 13.5758
