#DataThief C:\Users\Andy.DESKTOP-CFRG05F\OneDrive - California Institute of Technology\Documents\Research\Kornfield\EXPERIMENTS\Italy\data\datathief\20190801_0809_1k3f_30c\20190809_0932_1k3f_1500kPa_30c_mp1.PNG Sunday 25-Aug-2019 1:02:06 PM
9581.18, 13.5771
9582.6822, 13.577
9582.6837, 13.5769
9582.6852, 13.5768
9582.6867, 13.5766
9582.6883, 13.5765
9584.1905, 13.5764
9584.192, 13.5763
9584.1935, 13.5762
9584.1951, 13.576
9584.1966, 13.5758
9584.1982, 13.5758
9585.7003, 13.5756
9585.7019, 13.5755
9585.7034, 13.5754
9585.7048, 13.5753
9585.7065, 13.5752
9587.2086, 13.575
9587.2102, 13.5749
9587.2117, 13.5748
9587.2132, 13.5747
9587.2147, 13.5746
9587.2163, 13.5744
9588.7185, 13.5743
9588.72, 13.5742
9588.7216, 13.5741
9590.2237, 13.5739
9590.2253, 13.5737
9590.2268, 13.5737
9591.729, 13.5735
9591.7305, 13.5735
9591.732, 13.5733
9591.7336, 13.5732
9593.2357, 13.5731
9593.2373, 13.573
9593.2388, 13.5728
9593.2404, 13.5727
9594.7425, 13.5726
9594.7441, 13.5725
9594.7456, 13.5723
9596.2478, 13.5722
9596.2493, 13.5721
9596.2508, 13.572
9596.2524, 13.5718
9597.7545, 13.5716
9597.7561, 13.5716
9597.7576, 13.5715
9599.2598, 13.5714
9599.2612, 13.5712
9599.2628, 13.5711
9600.765, 13.571
9600.7665, 13.5709
9600.7681, 13.5707
9602.2702, 13.5706
9602.2718, 13.5705
9602.2732, 13.5704
9603.7755, 13.5703
9603.777, 13.5701
9603.7786, 13.5699
9605.2807, 13.5699
9605.2823, 13.5697
9606.7844, 13.5695
9606.786, 13.5695
9606.7875, 13.5694
9608.2897, 13.5693
9608.2912, 13.5691
9608.2927, 13.569
9609.7949, 13.5689
9609.7964, 13.5688
9611.2986, 13.5687
9611.3001, 13.5685
9611.3017, 13.5684
9612.8037, 13.5683
9612.8054, 13.5682
9614.3075, 13.568
9614.3091, 13.5678
9615.8112, 13.5678
9615.8128, 13.5676
9615.8143, 13.5675
9617.3165, 13.5674
9617.318, 13.5673
9618.8202, 13.5672
9618.8216, 13.5671
9620.3239, 13.5669
9620.3254, 13.5668
9621.8276, 13.5667
9621.8291, 13.5666
9623.3313, 13.5664
9623.3328, 13.5663
9624.835, 13.5662
9624.8365, 13.5661
9626.3387, 13.5659
9626.3402, 13.5657
9627.8424, 13.5657
9627.8439, 13.5655
9629.3461, 13.5655
9629.3476, 13.5653
9630.8498, 13.5652
9630.8513, 13.5651
9632.3535, 13.565
9633.8557, 13.5648
9633.8572, 13.5647
9635.3594, 13.5646
9635.3609, 13.5645
9636.8631, 13.5644
9638.3652, 13.5642
9638.3668, 13.5641
9639.8689, 13.564
9641.3711, 13.5638
9641.3726, 13.5636
9642.8748, 13.5636
9642.8763, 13.5635
9644.3785, 13.5634
9645.8806, 13.5632
9645.8822, 13.5631
9647.3843, 13.563
9648.8864, 13.5629
9650.3887, 13.5628
9650.3902, 13.5626
9651.8923, 13.5625
9653.3945, 13.5624
9654.8967, 13.5623
9654.8982, 13.5621
9656.4003, 13.562
9657.9026, 13.5619
9659.4047, 13.5617
9660.9069, 13.5615
9660.9083, 13.5615
9662.4106, 13.5614
9663.9127, 13.5613
9665.4149, 13.5612
9666.9171, 13.561
9668.4192, 13.5609
9669.9199, 13.5609
9671.422, 13.5608
9672.9242, 13.5607
9674.4264, 13.5605
9675.9285, 13.5604
9677.4307, 13.5603
9677.4322, 13.5602
9678.9344, 13.56
9680.4365, 13.5598
9681.9386, 13.5598
9683.4409, 13.5596
9684.943, 13.5596
9686.4437, 13.5596
9687.9458, 13.5594
9689.448, 13.5593
9690.9502, 13.5592
9692.4508, 13.5592
9693.9529, 13.5591
9695.4551, 13.5589
9696.9573, 13.5588
9698.4594, 13.5587
9699.9601, 13.5587
9701.4622, 13.5586
9702.9644, 13.5584
9704.465, 13.5584
9705.9672, 13.5583
9707.4693, 13.5582
9708.97, 13.5582
9710.4721, 13.5581
9711.9743, 13.558
9713.4748, 13.558
9714.9771, 13.5577
9716.4793, 13.5577
9717.9799, 13.5577
9719.482, 13.5575
9720.9827, 13.5575
9722.4848, 13.5575
9723.987, 13.5573
9725.4876, 13.5573
9726.9898, 13.5572
9728.4904, 13.5572
9729.9926, 13.5571
9731.4932, 13.5571
9732.9954, 13.557
9734.496, 13.557
9735.9982, 13.5568
9737.4988, 13.5568
9739.0009, 13.5567
9740.5016, 13.5567
9742.0037, 13.5566
9743.5044, 13.5566
9745.0065, 13.5565
9746.507, 13.5565
9748.0093, 13.5564
9749.5099, 13.5564
9751.0106, 13.5564
9752.5127, 13.5562
9754.0134, 13.5562
9755.5154, 13.5561
9757.0161, 13.5561
9758.5168, 13.5561
9760.0189, 13.556
9761.5196, 13.556
9763.0202, 13.556
9764.5223, 13.5558
9766.023, 13.5558
9767.5251, 13.5556
9769.0258, 13.5556
9770.5264, 13.5556
9772.027, 13.5556
9773.5292, 13.5556
9775.0298, 13.5556
9776.532, 13.5554
9778.0326, 13.5554
9779.5332, 13.5554
9781.0354, 13.5554
9782.536, 13.5554
9784.0366, 13.5554
9785.5373, 13.5554
9787.0394, 13.5552
9788.54, 13.5552
9790.0407, 13.5552
9791.5413, 13.5552
9793.0435, 13.5551
9794.5441, 13.5551
9796.0447, 13.5551
9797.5453, 13.5551
9799.0475, 13.555
9800.5481, 13.555
9802.0488, 13.555
9803.5493, 13.555
9805.0515, 13.5549
9806.5522, 13.5549
9808.0528, 13.5549
9809.5534, 13.5549
9811.054, 13.5549
9812.5562, 13.5548
9814.0568, 13.5548
9815.5575, 13.5548
9817.0581, 13.5548
9818.5587, 13.5548
9820.0609, 13.5546
9821.5615, 13.5546
9823.0621, 13.5546
9824.5628, 13.5546
9826.0634, 13.5546
9827.5655, 13.5545
9829.0662, 13.5545
9830.5668, 13.5545
9832.0674, 13.5545
9833.5681, 13.5545
9835.0702, 13.5544
9836.5708, 13.5544
9838.0715, 13.5544
9839.5721, 13.5544
9841.0727, 13.5544
9842.5733, 13.5544
9844.074, 13.5544
9845.576, 13.5543
9847.0768, 13.5543
9848.5774, 13.5543
9850.078, 13.5543
9851.5786, 13.5543
9853.0793, 13.5543
9854.5798, 13.5543
9856.0805, 13.5543
9857.5827, 13.5541
9859.0833, 13.5541
9860.5838, 13.5541
9862.0846, 13.5541
9863.5852, 13.5541
9865.0858, 13.5541
9866.5864, 13.5541
9868.0871, 13.5541
9869.5892, 13.554
9871.0898, 13.554
9872.5905, 13.554
9874.0911, 13.554
9875.5917, 13.554
9877.0924, 13.554
9878.593, 13.554
9880.0936, 13.554
9881.5941, 13.554
9883.0949, 13.554
9884.597, 13.5539
9886.0976, 13.5539
9887.5983, 13.5539
9889.0989, 13.5539
9890.5995, 13.5539
9892.1001, 13.5539
9893.6008, 13.5539
9895.1014, 13.5539
9896.6019, 13.5539
9898.1027, 13.5539
9899.6048, 13.5537
9901.1054, 13.5537
9902.6061, 13.5537
9904.1067, 13.5537
9905.6073, 13.5537
9907.1078, 13.5537
9908.6086, 13.5537
9910.1092, 13.5537
9911.6098, 13.5537
9913.1104, 13.5537
9914.6111, 13.5537
9916.1117, 13.5537
9917.6139, 13.5535
9919.1145, 13.5535
9920.6151, 13.5535
9922.1157, 13.5535
9923.6164, 13.5535
9925.117, 13.5535
9926.6176, 13.5535
9928.1182, 13.5535
9929.6189, 13.5535
9931.1195, 13.5535
9932.62, 13.5535
9934.1207, 13.5535
9935.6214, 13.5535
9937.1219, 13.5535
9938.6226, 13.5535
9940.1233, 13.5535
9941.6239, 13.5535
9943.1245, 13.5535
9944.6251, 13.5535
9946.1258, 13.5535
9947.6279, 13.5535
9949.1285, 13.5535
9950.6292, 13.5535
9952.1298, 13.5535
9953.6303, 13.5535
9955.131, 13.5535
9956.6317, 13.5535
9958.1323, 13.5535
9959.6329, 13.5535
9961.1336, 13.5535
9962.6341, 13.5535
9964.1348, 13.5535
9965.6354, 13.5535
9967.136, 13.5535
9968.6367, 13.5535
9970.1373, 13.5535
9971.6379, 13.5535
9973.1386, 13.5535
9974.6392, 13.5535
9976.1398, 13.5535
9977.6404, 13.5535
9979.1411, 13.5535
9980.6417, 13.5535
9982.1423, 13.5535
9983.6444, 13.5534
9985.1451, 13.5534
9986.6457, 13.5534
9988.1464, 13.5534
9989.647, 13.5534
9991.1476, 13.5534
9992.6482, 13.5534
9994.1489, 13.5534
9995.6495, 13.5534
9997.1501, 13.5534
9998.6507, 13.5534
10000.1514, 13.5534
10001.652, 13.5534
10003.1526, 13.5534
10004.6532, 13.5534
10006.1539, 13.5534
10007.6545, 13.5534
10009.1551, 13.5534
10010.6557, 13.5534
10012.1564, 13.5534
10013.657, 13.5534
10015.1576, 13.5534
10016.6582, 13.5534
10018.1589, 13.5534
10019.6595, 13.5534
10021.1601, 13.5534
10022.6608, 13.5534
10024.1614, 13.5534
10025.662, 13.5534
10027.1626, 13.5534
10028.6633, 13.5534
10030.1639, 13.5534
10031.6644, 13.5534
10033.1667, 13.5533
10034.6673, 13.5533
10036.1679, 13.5533
10037.6684, 13.5533
10039.1692, 13.5533
10040.6698, 13.5533
10042.1703, 13.5533
10043.6711, 13.5533
10045.1717, 13.5533
10046.6723, 13.5533
10048.1729, 13.5533
10049.6736, 13.5533
10051.1742, 13.5533
10052.6747, 13.5533
10054.1754, 13.5533
10055.6761, 13.5533
10057.1767, 13.5533
10058.6773, 13.5533
10060.1779, 13.5533
10061.6785, 13.5533
10063.1792, 13.5533
10064.6798, 13.5533
10066.1804, 13.5533
10067.6811, 13.5533
10069.1817, 13.5533
10070.6823, 13.5533
10072.1829, 13.5533
10073.6836, 13.5533
10075.1842, 13.5533
10076.6848, 13.5533
10078.1854, 13.5533
10079.6861, 13.5533
10081.1867, 13.5533
10082.6873, 13.5533
10084.188, 13.5533
10085.6886, 13.5533
10087.1892, 13.5533
10088.6898, 13.5533
10090.1905, 13.5533
10091.6911, 13.5533
10093.1917, 13.5533
10094.6923, 13.5533
10096.193, 13.5533
10097.6936, 13.5533
10099.1942, 13.5533
10100.6947, 13.5533
10102.1955, 13.5533
10103.6961, 13.5533
10105.1967, 13.5533
10106.6973, 13.5533
10108.198, 13.5533
10109.6985, 13.5533
10111.1992, 13.5533
10112.6998, 13.5533
10114.2005, 13.5533
10115.701, 13.5533
10117.2017, 13.5533
10118.7023, 13.5533
10120.203, 13.5533
10121.7036, 13.5533
10123.2042, 13.5533
10124.7048, 13.5533
10126.2055, 13.5533
10127.7061, 13.5533
10129.2067, 13.5533
10130.7074, 13.5533
10132.208, 13.5533
10133.7086, 13.5533
10135.2092, 13.5533
10136.7099, 13.5533
10138.2105, 13.5533
10139.7111, 13.5533
10141.2117, 13.5533
10142.7124, 13.5533
10144.213, 13.5533
10145.7136, 13.5533
10147.2142, 13.5533
10148.7149, 13.5533
10150.2155, 13.5533
10151.7161, 13.5533
10153.2167, 13.5533
10154.7174, 13.5533
10156.218, 13.5533
10157.7186, 13.5533
10159.2192, 13.5533
10160.7199, 13.5533
10162.2205, 13.5533
10163.721, 13.5533
10165.2217, 13.5533
10166.7224, 13.5533
10168.223, 13.5533
10169.7236, 13.5533
10171.2243, 13.5533
10172.7248, 13.5533
10174.2255, 13.5533
10175.7261, 13.5533
10177.2268, 13.5533
10178.7274, 13.5533
10180.228, 13.5533
10181.7286, 13.5533
10183.2293, 13.5533
10184.7299, 13.5533
10186.2305, 13.5533
10187.7311, 13.5533
10189.2318, 13.5533
10190.7324, 13.5533
10192.233, 13.5533
10193.7336, 13.5533
10195.2343, 13.5533
10196.7349, 13.5533
10198.2355, 13.5533
10199.7361, 13.5533
10201.2368, 13.5533
10202.7374, 13.5533
10204.238, 13.5533
10205.7386, 13.5533
10207.2393, 13.5533
10208.7399, 13.5533
10210.2405, 13.5533
10211.7412, 13.5533
10213.2418, 13.5533
10214.7424, 13.5533
10216.2429, 13.5533
10217.7437, 13.5533
10219.2443, 13.5533
10220.7449, 13.5533
10222.2455, 13.5533
10223.7462, 13.5533
10225.2468, 13.5533
10226.7473, 13.5533
10228.248, 13.5533
10229.7487, 13.5533
10231.2493, 13.5533
10232.7499, 13.5533
10234.2505, 13.5533
10235.7511, 13.5533
10237.2518, 13.5533
10238.7524, 13.5533
10240.253, 13.5533
10241.7537, 13.5533
10243.2543, 13.5533
10244.7549, 13.5533
10246.2555, 13.5533
10247.7562, 13.5533
10249.2568, 13.5533
10250.7574, 13.5533
10252.2581, 13.5533
10253.7587, 13.5533
10255.2593, 13.5533
10256.7599, 13.5533
10258.2606, 13.5533
10259.7612, 13.5533
10261.2618, 13.5533
10262.7624, 13.5533
10264.2631, 13.5533
10265.7637, 13.5533
10267.2643, 13.5533
10268.7649, 13.5533
10270.2656, 13.5533
10271.7662, 13.5533
10273.2668, 13.5533
10274.7673, 13.5533
10276.2681, 13.5533
10277.7687, 13.5533
10279.2692, 13.5533
10280.7699, 13.5533
10282.2706, 13.5533
10283.7711, 13.5533
10285.2718, 13.5533
10286.7724, 13.5533
10288.2731, 13.5533
10289.7737, 13.5533
10291.2743, 13.5533
10292.775, 13.5533
10294.2756, 13.5533
10295.7762, 13.5533
10297.2768, 13.5533
10298.7774, 13.5533
10300.2781, 13.5533
10301.7787, 13.5533
10303.2793, 13.5533
10304.78, 13.5533
10306.2806, 13.5533
10307.7812, 13.5533
10309.2818, 13.5533
10310.7825, 13.5533
10312.2831, 13.5533
10313.7837, 13.5533
10315.2843, 13.5533
10316.785, 13.5533
10318.2856, 13.5533
10319.7862, 13.5533
10321.2868, 13.5533
10322.7875, 13.5533
10324.2881, 13.5533
10325.7887, 13.5533
10327.2893, 13.5533
10328.79, 13.5533
10330.2906, 13.5533
10331.7912, 13.5533
10333.2919, 13.5533
10334.7925, 13.5533
10336.2931, 13.5533
10337.7936, 13.5533
10339.2944, 13.5533
10340.795, 13.5533
10342.2955, 13.5533
10343.7962, 13.5533
10345.2969, 13.5533
10346.7974, 13.5533
10348.2981, 13.5533
10349.7987, 13.5533
10351.2993, 13.5533
10352.8, 13.5533
10354.3006, 13.5533
10355.8012, 13.5533
10357.3019, 13.5533
10358.8025, 13.5533
10360.3031, 13.5533
10361.8037, 13.5533
10363.3044, 13.5533
10364.805, 13.5533
10366.3056, 13.5533
10367.8062, 13.5533
10369.3069, 13.5533
10370.8075, 13.5533
10372.3081, 13.5533
10373.8088, 13.5533
10375.3094, 13.5533
10376.81, 13.5533
10378.3106, 13.5533
10379.8113, 13.5533
10381.3119, 13.5533
10382.8125, 13.5533
10384.3131, 13.5533
10385.8138, 13.5533
10387.3144, 13.5533
10388.815, 13.5533
10390.3155, 13.5533
10391.8163, 13.5533
10393.3169, 13.5533
10394.8175, 13.5533
10396.3181, 13.5533
10397.8188, 13.5533
10399.3194, 13.5533
10400.8199, 13.5533
10402.3206, 13.5533
10403.8213, 13.5533
10405.3219, 13.5533
10406.8225, 13.5533
10408.3231, 13.5533
10409.8237, 13.5533
10411.3244, 13.5533
10412.825, 13.5533
10414.3256, 13.5533
10415.8263, 13.5533
10417.3269, 13.5533
10418.8275, 13.5533
10420.3282, 13.5533
10421.8288, 13.5533
10423.3294, 13.5533
10424.83, 13.5533
10426.3307, 13.5533
10427.8313, 13.5533
10429.3319, 13.5533
10430.8325, 13.5533
10432.3332, 13.5533
10433.8353, 13.5531
