#DataThief C:\Users\Andy.DESKTOP-CFRG05F\OneDrive - California Institute of Technology\Documents\Research\Kornfield\EXPERIMENTS\Italy\data\datathief\20190801_0809_1k3f_30c\20190807_1822_1k3f_5600kPa_30c_p.PNG Sunday 25-Aug-2019 12:48:44 PM
7932.8218, 6072.6926
7933.2888, 6072.6916
7933.7561, 6070.0266
7934.223, 6070.0255
7934.6898, 6070.0243
7935.1567, 6070.0232
7935.6236, 6070.0221
7936.0904, 6070.021
7936.5573, 6070.0199
7937.0241, 6070.0188
7937.4915, 6067.3537
7937.9583, 6067.3526
7938.4252, 6067.3515
7938.8921, 6067.3504
7939.3589, 6067.3493
7939.8258, 6067.3482
7940.2926, 6067.3471
7940.7595, 6067.346
7941.2259, 6070.0088
7941.6928, 6070.0077
7942.1596, 6070.0066
7942.6265, 6070.0055
7943.0933, 6070.0044
7943.5602, 6070.0032
7944.0271, 6070.0021
7944.4939, 6070.001
7944.9607, 6069.9999
7945.4281, 6067.3349
7945.895, 6067.3338
7946.3618, 6067.3326
7946.8287, 6067.3315
7947.2955, 6067.3304
7947.7624, 6067.3293
7947.7629, 6064.6654
7947.7633, 6062.0014
7947.7639, 6059.3375
7947.7643, 6056.6736
7947.7648, 6054.0096
7947.7652, 6051.3457
7947.7658, 6048.6818
7947.7663, 6046.0178
7947.7667, 6043.3538
7947.7671, 6040.69
7947.7677, 6038.026
7947.7682, 6035.362
7947.7687, 6032.6981
7947.7691, 6030.0342
7947.7696, 6027.3703
7947.7701, 6024.7063
7947.7706, 6022.0424
7947.771, 6019.3785
7947.7715, 6016.7145
7947.772, 6014.0506
7947.7725, 6011.3867
7947.773, 6008.7227
7947.7734, 6006.0588
7947.7739, 6003.3949
7947.7744, 6000.7309
7947.7749, 5998.067
7947.7753, 5995.4031
7947.7758, 5992.7391
7947.7763, 5990.0752
7947.7768, 5987.4112
7947.7772, 5984.7473
7947.7776, 5982.0834
7947.7782, 5979.4194
7947.7787, 5976.7555
7947.7792, 5974.0916
7947.7797, 5971.4276
7948.2469, 5968.7626
7948.2475, 5966.0987
7948.2479, 5963.4346
7948.2484, 5960.7708
7948.2489, 5958.1068
7948.2494, 5955.4429
7948.2499, 5952.779
7948.2503, 5950.115
7948.2508, 5947.4511
7948.2513, 5944.7872
7948.2518, 5942.1232
7948.2523, 5939.4593
7948.2527, 5936.7953
7948.2532, 5934.1314
7948.2537, 5931.4675
7948.2542, 5928.8035
7948.2546, 5926.1396
7948.2551, 5923.4757
7948.2556, 5920.8117
7948.2561, 5918.1478
7948.2566, 5915.4839
7948.257, 5912.8199
7948.2575, 5910.156
7948.258, 5907.4921
7948.2585, 5904.8281
7948.259, 5902.1642
7948.2594, 5899.5003
7948.7268, 5896.8352
7948.7271, 5894.1713
7948.7277, 5891.5072
7948.7282, 5888.8434
7948.7287, 5886.1795
7948.7292, 5883.5154
7948.7296, 5880.8516
7948.7301, 5878.1877
7948.7306, 5875.5237
7948.7311, 5872.8598
7948.7316, 5870.1959
7948.732, 5867.5319
7948.7325, 5864.8679
7948.733, 5862.2041
7948.7335, 5859.5401
7948.7339, 5856.8761
7948.7344, 5854.2122
7948.7349, 5851.5483
7949.2022, 5848.8833
7949.2027, 5846.2193
7949.2032, 5843.5554
7949.2037, 5840.8915
7949.2042, 5838.2275
7949.2046, 5835.5636
7949.2051, 5832.8997
7949.2056, 5830.2357
7949.2061, 5827.5718
7949.2065, 5824.9078
7949.207, 5822.2439
7949.2075, 5819.58
7949.208, 5816.916
7949.2085, 5814.2521
7949.6758, 5811.5871
7949.6763, 5808.9231
7949.6768, 5806.2591
7949.6772, 5803.5952
7949.6777, 5800.9313
7949.6782, 5798.2674
7949.6787, 5795.6034
7949.6791, 5792.9395
7949.6796, 5790.2756
7949.6801, 5787.6116
7949.6806, 5784.9477
7949.6811, 5782.2838
7949.6815, 5779.6198
7949.682, 5776.9559
7949.6825, 5774.292
7949.683, 5771.628
7949.6835, 5768.9641
7949.6839, 5766.3002
7949.6844, 5763.6362
7949.6848, 5760.9723
7949.6854, 5758.3083
7949.6858, 5755.6444
7949.6863, 5752.9805
7949.6867, 5750.3165
7949.6873, 5747.6526
7950.1546, 5744.9876
7950.1551, 5742.3235
7950.1556, 5739.6597
7950.1561, 5736.9958
7950.1565, 5734.3317
7950.157, 5731.6679
7950.1575, 5729.0039
7950.158, 5726.34
7950.1584, 5723.6761
7950.1589, 5721.0121
7950.1594, 5718.3482
7950.1599, 5715.6843
7950.1604, 5713.0203
7950.1608, 5710.3564
7950.1613, 5707.6925
7950.1618, 5705.0285
7950.1623, 5702.3646
7950.1627, 5699.7006
7950.6301, 5697.0356
7950.6306, 5694.3717
7950.631, 5691.7077
7950.6315, 5689.0438
7950.632, 5686.3799
7950.6324, 5683.7159
7950.633, 5681.052
7950.6334, 5678.3881
7950.6339, 5675.7241
7950.6343, 5673.0602
7950.6349, 5670.3963
7950.6354, 5667.7323
7950.6358, 5665.0684
7950.6362, 5662.4043
7950.6368, 5659.7405
7950.6373, 5657.0766
7950.6377, 5654.4126
7950.6381, 5651.7487
7950.6387, 5649.0848
7950.6392, 5646.4208
7950.6397, 5643.7569
7950.6401, 5641.093
7950.6406, 5638.429
7950.6411, 5635.7651
7950.6416, 5633.1012
7950.642, 5630.4372
7950.6425, 5627.7732
7951.1099, 5625.1082
7951.1103, 5622.4443
7951.1108, 5619.7804
7951.1113, 5617.1164
7951.1118, 5614.4525
7951.1123, 5611.7886
7951.1127, 5609.1246
7951.1132, 5606.4607
7951.1137, 5603.7968
7951.1142, 5601.1328
7951.1146, 5598.4689
7951.1151, 5595.8049
7951.1156, 5593.141
7951.1161, 5590.4771
7951.1166, 5587.8131
7951.117, 5585.1492
7951.1175, 5582.4853
7951.1179, 5579.8213
7951.1185, 5577.1574
7951.119, 5574.4935
7951.1194, 5571.8295
7951.1199, 5569.1656
7951.1204, 5566.5017
7951.1209, 5563.8377
7951.1213, 5561.1738
7951.1218, 5558.5098
7951.1223, 5555.8458
7951.1228, 5553.182
7951.5901, 5550.5169
7951.5906, 5547.853
7951.5911, 5545.1891
7951.5916, 5542.5251
7951.592, 5539.8612
7951.5925, 5537.1973
7951.593, 5534.5333
7951.5935, 5531.8694
7951.5939, 5529.2054
7951.5944, 5526.5415
7951.5949, 5523.8776
7951.5954, 5521.2136
7951.5958, 5518.5497
7951.5963, 5515.8858
7951.5968, 5513.2218
7951.5973, 5510.5579
7951.5977, 5507.894
7951.5983, 5505.23
7951.5987, 5502.5661
7951.5992, 5499.9022
7951.5997, 5497.2382
7951.6002, 5494.5743
7952.0675, 5491.9092
7952.068, 5489.2453
7952.0675, 5491.9092
7952.067, 5494.5732
7952.0665, 5497.2371
7952.0661, 5499.901
7952.0656, 5502.565
7952.0651, 5505.2288
7952.0646, 5507.8928
7952.0642, 5510.5568
7952.5305, 5513.2196
7952.5301, 5515.8835
7952.5295, 5518.5474
7952.996, 5521.2103
7952.9955, 5523.8742
7952.995, 5526.5382
7953.4614, 5529.201
7953.4609, 5531.8649
7953.9273, 5534.5278
7954.3937, 5537.1905
7954.3932, 5539.8545
7954.8596, 5542.5173
7955.326, 5545.1802
7955.7924, 5547.843
7956.2587, 5550.5058
7956.7256, 5550.5047
7957.192, 5553.1675
7957.6588, 5553.1663
7958.1257, 5553.1653
7958.592, 5555.8281
7959.0589, 5555.827
7959.5253, 5558.4899
7959.9922, 5558.4887
7960.4586, 5561.1516
7960.9254, 5561.1505
7961.3918, 5563.8133
7961.8587, 5563.8122
7962.3251, 5566.475
7962.7919, 5566.4739
7963.2583, 5569.1367
7963.7247, 5571.7995
7964.1916, 5571.7984
7964.6579, 5574.4613
7965.1248, 5574.4601
7965.5912, 5577.123
7966.058, 5577.1219
7966.5244, 5579.7847
7966.9908, 5582.4475
7967.4577, 5582.4464
7967.9241, 5585.1092
7968.3909, 5585.1081
7968.8573, 5587.7709
7969.3242, 5587.7698
7969.791, 5587.7687
7970.2574, 5590.4315
7970.7243, 5590.4304
7971.1911, 5590.4293
7971.6575, 5593.0921
7972.1244, 5593.091
7972.5908, 5595.7539
7973.0576, 5595.7528
7973.5245, 5595.7516
7973.9909, 5598.4144
7974.4577, 5598.4134
7974.9245, 5598.4122
7975.391, 5601.0751
7975.8578, 5601.074
7976.3247, 5601.0729
7976.7911, 5603.7357
7977.2579, 5603.7346
7977.7248, 5603.7335
7978.1912, 5606.3963
7978.658, 5606.3952
7979.1244, 5609.058
7979.5913, 5609.0569
7980.0581, 5609.0558
7980.525, 5609.0547
7980.9919, 5609.0536
7981.4586, 5609.0524
7981.9256, 5609.0513
7982.3924, 5609.0502
7982.8593, 5609.0491
7983.3262, 5609.048
7983.793, 5609.0469
7984.2599, 5609.0458
7984.7268, 5609.0447
7985.1936, 5609.0436
7985.6604, 5609.0424
7986.1273, 5609.0413
7986.5941, 5609.0402
7987.0611, 5609.0391
7987.5279, 5609.038
7987.9948, 5609.0369
7988.4616, 5609.0358
7988.9285, 5609.0347
7989.3949, 5611.6975
7989.8618, 5611.6964
7990.3286, 5611.6953
7990.7955, 5611.6942
7991.2623, 5611.6931
7991.7292, 5611.6919
7992.1961, 5611.6907
7992.6629, 5611.6897
7993.1298, 5611.6886
7993.5966, 5611.6875
7994.0635, 5611.6864
7994.5304, 5611.6853
7994.9971, 5611.6842
7995.4641, 5611.6831
7995.931, 5611.682
7996.3978, 5611.6808
7996.8647, 5611.6797
7997.3315, 5611.6785
7997.7984, 5611.6775
7998.2652, 5611.6764
7998.7321, 5611.6753
7999.199, 5611.6742
7999.6658, 5611.6731
8000.1327, 5611.672
8000.5996, 5611.6709
8001.0664, 5611.6697
8001.5333, 5611.6686
8002.0001, 5611.6675
8002.467, 5611.6663
8002.9339, 5611.6653
8003.4003, 5614.3281
8003.8671, 5614.327
8004.334, 5614.3259
8004.8008, 5614.3248
8005.2677, 5614.3237
8005.7346, 5614.3226
8006.2014, 5614.3215
8006.6683, 5614.3204
8007.1351, 5614.3192
8007.6019, 5614.3181
8008.0689, 5614.317
8008.5356, 5614.3159
8009.0031, 5611.6509
8009.4699, 5611.6498
8009.9367, 5611.6486
8010.4037, 5611.6475
8010.8705, 5611.6463
8011.3374, 5611.6453
8011.8042, 5611.6442
8012.2711, 5611.6431
8012.738, 5611.642
8013.2048, 5611.6409
8013.6717, 5611.6398
8014.1385, 5611.6385
8014.6054, 5611.6375
8015.0723, 5611.6364
8015.5391, 5611.6353
8016.006, 5611.6341
8016.4724, 5614.297
8016.9392, 5614.2959
8017.4061, 5614.2948
8017.873, 5614.2937
8018.3397, 5614.2926
8018.8067, 5614.2915
8019.2735, 5614.2904
8019.7404, 5614.2893
8020.2073, 5614.2881
8020.6741, 5614.287
8021.141, 5614.2859
8021.6082, 5611.6209
8022.0752, 5611.6198
8022.5421, 5611.6187
8023.0089, 5611.6176
8023.4758, 5611.6164
8023.9426, 5611.6153
8024.4095, 5611.6141
8024.8763, 5611.6131
8025.3432, 5611.612
8025.8101, 5611.6109
8026.2769, 5611.6098
8026.7438, 5611.6087
8027.2107, 5611.6076
8027.6775, 5611.6064
8028.1444, 5611.6053
8028.6112, 5611.6042
8029.0781, 5611.6031
8029.545, 5611.6019
8030.0114, 5614.2648
8030.4782, 5614.2637
8030.9451, 5614.2626
8031.4119, 5614.2615
8031.8788, 5614.2604
8032.3457, 5614.2593
8032.8125, 5614.2582
8033.2793, 5614.257
8033.7462, 5614.2559
8034.2131, 5614.2548
8034.6804, 5611.5897
8035.1473, 5611.5887
8035.6141, 5611.5876
8036.081, 5611.5865
8036.5479, 5611.5853
8037.0148, 5611.5842
8037.4816, 5611.5831
8037.9485, 5611.5819
8038.4153, 5611.5809
8038.8822, 5611.5798
8039.3491, 5611.5787
8039.8159, 5611.5776
8040.2828, 5611.5765
8040.7496, 5611.5754
8041.2165, 5611.5742
8041.6834, 5611.5731
8042.1498, 5614.236
8042.6166, 5614.2348
8043.0835, 5614.2337
8043.5503, 5614.2326
8044.0172, 5614.2315
8044.4841, 5614.2304
8044.9508, 5614.2293
8045.4178, 5614.2282
8045.8846, 5614.2271
8046.3515, 5614.226
8046.8184, 5614.2248
8047.2857, 5611.5598
8047.7526, 5611.5587
8048.2194, 5611.5575
8048.6863, 5611.5565
8049.1532, 5611.5554
8049.62, 5611.5543
8050.0869, 5611.5531
8050.5537, 5611.552
8051.0206, 5611.5509
8051.4875, 5611.5497
8051.9543, 5611.5487
8052.4212, 5611.5476
8052.888, 5611.5465
8053.3549, 5611.5453
8053.8218, 5611.5443
8054.2886, 5611.5432
8054.7555, 5611.542
8055.2223, 5611.5409
8055.6892, 5611.5398
8056.1561, 5611.5387
8056.6229, 5611.5375
8057.0898, 5611.5365
8057.5562, 5614.1993
8058.023, 5614.1982
8058.4899, 5614.1971
8058.9567, 5614.196
8059.4236, 5614.1949
8059.891, 5611.5298
8060.3578, 5611.5287
8060.8247, 5611.5276
8061.2915, 5611.5265
8061.7584, 5611.5253
8062.2253, 5611.5243
8062.6921, 5611.5232
8063.159, 5611.5221
8063.6259, 5611.5209
8064.0927, 5611.5198
8064.5596, 5611.5187
8065.0264, 5611.5175
8065.4933, 5611.5165
8065.9602, 5611.5154
8066.427, 5611.5143
8066.8939, 5611.5131
8067.3607, 5611.5121
8067.8276, 5611.5109
8068.2945, 5611.5098
8068.7612, 5611.5087
8069.2282, 5611.5076
8069.6951, 5611.5065
8070.1619, 5611.5053
8070.6288, 5611.5043
8071.0956, 5611.5032
8071.5625, 5611.5021
8072.0294, 5611.501
8072.4962, 5611.4998
8072.963, 5611.4987
8073.4299, 5611.4976
8073.8968, 5611.4965
8074.3637, 5611.4954
8074.8305, 5611.4943
8075.2974, 5611.4932
8075.7642, 5611.4921
8076.2311, 5611.491
8076.698, 5611.4899
8077.1648, 5611.4887
8077.6317, 5611.4876
8078.0986, 5611.4865
8078.5654, 5611.4854
8079.0323, 5611.4843
8079.499, 5611.4832
8079.966, 5611.4821
8080.4329, 5611.4809
8080.8997, 5611.4799
8081.3666, 5611.4787
8081.8334, 5611.4776
8082.3003, 5611.4765
8082.7671, 5611.4754
8083.234, 5611.4743
8083.7008, 5611.4732
8084.1678, 5611.4721
8084.6346, 5611.471
8085.101, 5614.1338
8085.5678, 5614.1327
8086.0347, 5614.1316
8086.5016, 5614.1305
8086.9684, 5614.1294
8087.4358, 5611.4643
8087.9026, 5611.4632
8088.3695, 5611.4621
8088.8364, 5611.461
8089.3032, 5611.4599
8089.7701, 5611.4588
8090.237, 5611.4576
8090.7038, 5611.4565
8091.1707, 5611.4554
8091.6375, 5611.4543
8092.1044, 5611.4532
8092.5713, 5611.4521
8093.0381, 5611.451
8093.505, 5611.4499
8093.9718, 5611.4487
8094.4386, 5611.4477
8094.9056, 5611.4465
8095.3724, 5611.4454
8095.8393, 5611.4443
8096.3062, 5611.4432
8096.773, 5611.4421
8097.2399, 5611.441
8097.7067, 5611.4399
8098.1736, 5611.4388
8098.6404, 5611.4377
8099.1073, 5611.4365
8099.5742, 5611.4354
8100.041, 5611.4343
8100.5079, 5611.4332
8100.9748, 5611.4321
8101.4416, 5611.431
8101.9085, 5611.4299
8102.3753, 5611.4288
8102.8422, 5611.4277
8103.3091, 5611.4266
8103.7759, 5611.4254
8104.2428, 5611.4243
8104.7097, 5611.4232
8105.1764, 5611.4221
8105.6434, 5611.421
8106.1102, 5611.4199
8106.5771, 5611.4188
8107.044, 5611.4177
8107.5108, 5611.4166
8107.9777, 5611.4155
8108.4445, 5611.4143
8108.9114, 5611.4132
8109.3783, 5611.4121
8109.8451, 5611.411
8110.312, 5611.4099
8110.7789, 5611.4088
8111.2457, 5611.4077
8111.7126, 5611.4066
8112.1794, 5611.4055
8112.6463, 5611.4043
8113.1132, 5611.4032
8113.58, 5611.4021
8114.0469, 5611.401
8114.5137, 5611.3999
8114.9806, 5611.3988
8115.447, 5614.0616
8115.9139, 5614.0605
8116.3807, 5614.0594
8116.8481, 5611.3944
8117.3149, 5611.3932
8117.7818, 5611.3921
8118.2486, 5611.391
8118.7155, 5611.3899
8119.1824, 5611.3888
8119.6492, 5611.3877
8120.1161, 5611.3866
8120.5829, 5611.3855
8121.0498, 5611.3844
8121.5167, 5611.3832
8121.9835, 5611.382
8122.4504, 5611.381
8122.9172, 5611.3799
8123.3841, 5611.3788
8123.851, 5611.3777
8124.3178, 5611.3766
8124.7847, 5611.3755
8125.2516, 5611.3744
8125.7184, 5611.3733
8126.1853, 5611.3721
8126.6521, 5611.371
8127.119, 5611.3699
8127.5859, 5611.3688
8128.0527, 5611.3677
8128.5196, 5611.3666
8128.9864, 5611.3655
8129.4533, 5611.3644
8129.9202, 5611.3633
8130.3866, 5614.0261
8130.8534, 5614.025
8131.3203, 5614.0239
8131.7871, 5614.0228
8132.254, 5614.0216
8132.7213, 5611.3566
8133.1882, 5611.3555
8133.6551, 5611.3544
8134.1219, 5611.3533
8134.5888, 5611.3522
8135.0556, 5611.351
8135.5225, 5611.3498
8135.9893, 5611.3488
8136.4562, 5611.3477
8136.9231, 5611.3466
8137.39, 5611.3455
8137.8568, 5611.3444
8138.3237, 5611.3433
8138.7905, 5611.3422
8139.2574, 5611.3411
8139.7243, 5611.3399
8140.1911, 5611.3388
8140.658, 5611.3377
8141.1248, 5611.3366
8141.5917, 5611.3355
8142.0586, 5611.3344
8142.5253, 5611.3333
8142.9923, 5611.3322
8143.4592, 5611.3311
8143.926, 5611.3299
8144.3929, 5611.3288
8144.8597, 5611.3277
8145.3266, 5611.3266
8145.7934, 5611.3255
8146.2603, 5611.3244
8146.7271, 5611.3233
8147.194, 5611.3222
8147.6609, 5611.3211
8148.1278, 5611.32
8148.5946, 5611.3188
8149.0615, 5611.3176
8149.5283, 5611.3166
8149.9952, 5611.3155
8150.4621, 5611.3144
8150.9289, 5611.3133
8151.3958, 5611.3122
8151.8627, 5611.3111
8152.3295, 5611.31
8152.7964, 5611.3088
8153.2631, 5611.3077
8153.7301, 5611.3066
8154.197, 5611.3054
8154.6638, 5611.3044
8155.1307, 5611.3033
8155.5975, 5611.3022
8156.0644, 5611.3011
8156.5312, 5611.3
8156.9981, 5611.2989
8157.465, 5611.2977
8157.9319, 5611.2966
8158.3987, 5611.2955
8158.8656, 5611.2944
8159.3324, 5611.2933
8159.7993, 5611.2922
8160.2662, 5611.2911
8160.733, 5611.29
8161.1994, 5613.9527
8161.6663, 5613.9517
8162.1331, 5613.9506
8162.6, 5613.9495
8163.0669, 5613.9484
8163.5337, 5613.9472
8164.0006, 5613.9461
8164.4679, 5611.2811
8164.9348, 5611.28
8165.4016, 5611.2789
8165.8685, 5611.2778
8166.3354, 5611.2766
8166.8022, 5611.2755
8167.2691, 5611.2744
8167.7359, 5611.2732
8168.2028, 5611.2722
8168.6697, 5611.2711
8169.1365, 5611.27
8169.6034, 5611.2689
8170.0703, 5611.2678
8170.5371, 5611.2667
8171.004, 5611.2655
8171.4708, 5611.2644
8171.9377, 5611.2633
8172.4046, 5611.2622
8172.8714, 5611.261
8173.3383, 5611.26
8173.8051, 5611.2589
8174.272, 5611.2578
8174.7384, 5613.9205
8175.2052, 5613.9195
8175.6721, 5613.9184
8176.139, 5613.9173
8176.6058, 5613.9162
8177.0727, 5613.915
8177.54, 5611.25
8178.0069, 5611.2489
8178.4738, 5611.2478
8178.9405, 5611.2467
8179.4075, 5611.2456
8179.8742, 5611.2444
8180.3412, 5611.2433
8180.8081, 5611.2422
8181.2749, 5611.2411
8181.7418, 5611.24
8182.2086, 5611.2389
8182.6755, 5611.2378
8183.1424, 5611.2367
8183.6092, 5611.2356
8184.0761, 5611.2345
8184.543, 5611.2333
8185.0098, 5611.2322
8185.4767, 5611.2311
8185.9435, 5611.23
8186.4104, 5611.2288
8186.8773, 5611.2278
8187.3441, 5611.2267
8187.811, 5611.2256
8188.2774, 5613.8883
8188.7442, 5613.8873
8189.2111, 5613.8862
8189.678, 5613.8851
8190.1448, 5613.884
8190.6117, 5613.8828
8191.0785, 5613.8817
8191.5453, 5613.8806
8192.0123, 5613.8795
8192.4791, 5613.8784
8192.946, 5613.8773
8193.4128, 5613.8761
8193.8801, 5611.2111
8194.347, 5611.21
8194.8138, 5611.2089
8195.2808, 5611.2078
8195.7476, 5611.2067
8196.2145, 5611.2056
8196.6813, 5611.2045
8197.1482, 5611.2034
8197.6151, 5611.2022
8198.0819, 5611.2011
8198.5488, 5611.2
8199.0157, 5611.1989
8199.4825, 5611.1978
8199.9494, 5611.1967
8200.4162, 5611.1956
8200.8831, 5611.1945
8201.3495, 5613.8573
8201.8163, 5613.8561
8202.2832, 5613.8551
8202.7501, 5613.854
8203.2169, 5613.8529
8203.6838, 5613.8517
8204.1507, 5613.8506
8204.6175, 5613.8495
8205.0844, 5613.8484
8205.5512, 5613.8473
8206.0181, 5613.8462
8206.4849, 5613.8451
8206.9518, 5613.8439
8207.4187, 5613.8429
8207.8855, 5613.8418
8208.3524, 5613.8406
8208.8193, 5613.8395
8209.2861, 5613.8384
8209.7534, 5611.1734
8210.2208, 5608.5083
