#DataThief C:\Users\Andy.DESKTOP-CFRG05F\OneDrive - California Institute of Technology\Documents\Research\Kornfield\EXPERIMENTS\Italy\data\datathief\20190801_0809_1k3f_30c\20190807_1822_1k3f_5600kPa_30c_T.PNG Sunday 25-Aug-2019 12:49:22 PM
7932.9293, 30.2111
7933.3961, 30.2111
7933.8626, 30.2193
7934.3294, 30.2193
7934.7963, 30.2192
7935.2631, 30.2192
7935.73, 30.2192
7936.1969, 30.2192
7936.6637, 30.2192
7937.1306, 30.2192
7937.5975, 30.2192
7938.0643, 30.2192
7938.5312, 30.2192
7938.998, 30.2192
7939.4649, 30.2192
7939.9318, 30.2192
7940.3986, 30.2192
7940.865, 30.2274
7941.3319, 30.2274
7941.7987, 30.2274
7942.2656, 30.2274
7942.7325, 30.2274
7943.1993, 30.2274
7943.6662, 30.2274
7944.133, 30.2274
7944.6004, 30.2192
7945.0672, 30.2192
7945.5346, 30.211
7946.0014, 30.211
7946.4683, 30.211
7946.9352, 30.211
7947.402, 30.211
7947.8689, 30.211
7947.8694, 30.2028
7947.8698, 30.1945
7947.8702, 30.1864
7947.8708, 30.1782
7947.8713, 30.17
7947.8718, 30.1618
7947.8721, 30.1536
7947.8727, 30.1454
7947.8732, 30.1372
7947.8737, 30.129
7947.8742, 30.1208
7947.8746, 30.1126
7947.8751, 30.1044
7947.8756, 30.0962
7947.8761, 30.088
7947.8765, 30.0798
7947.877, 30.0716
7947.8775, 30.0634
7947.878, 30.0552
7947.8784, 30.047
7947.8789, 30.0388
7947.8794, 30.0306
7947.8799, 30.0224
7947.8803, 30.0142
7947.8808, 30.006
7947.8813, 29.9978
7947.8818, 29.9896
7947.8822, 29.9814
7947.8828, 29.9733
7947.8832, 29.9651
7947.8837, 29.9569
7947.8841, 29.9487
7947.8847, 29.9405
7947.8852, 29.9323
7947.8856, 29.9241
7947.886, 29.9159
7947.8866, 29.9077
7947.8871, 29.8995
7947.8875, 29.8913
7947.888, 29.8831
7947.8885, 29.8749
7947.889, 29.8667
7947.8895, 29.8585
7947.8899, 29.8502
7947.8904, 29.842
7947.8909, 29.8338
7947.8914, 29.8256
7947.8918, 29.8175
7947.8923, 29.8093
7947.8928, 29.8011
7947.8933, 29.7929
7947.8938, 29.7847
7947.8942, 29.7765
7947.8947, 29.7683
7947.8952, 29.7601
7947.8957, 29.7519
7947.8961, 29.7437
7947.8965, 29.7355
7947.8971, 29.7273
7947.8976, 29.7191
7947.8981, 29.7109
7947.8984, 29.7027
7948.3659, 29.6945
7948.3664, 29.6864
7948.3668, 29.6782
7948.3673, 29.67
7948.3678, 29.6618
7948.3683, 29.6536
7948.3688, 29.6454
7948.3692, 29.6372
7948.3697, 29.629
7948.3702, 29.6208
7948.3707, 29.6126
7948.3711, 29.6044
7948.3716, 29.5962
7948.3721, 29.588
7948.3726, 29.5798
7948.3731, 29.5716
7948.3735, 29.5634
7948.374, 29.5552
7948.3745, 29.547
7948.375, 29.5388
7948.3755, 29.5306
7948.3759, 29.5224
7948.3764, 29.5142
7948.3769, 29.506
7948.3774, 29.4978
7948.3778, 29.4896
7948.3783, 29.4814
7948.3788, 29.4732
7948.3793, 29.4651
7948.3798, 29.4569
7948.3801, 29.4487
7948.3807, 29.4405
7948.3812, 29.4323
7948.3817, 29.4241
7948.3822, 29.4159
7948.849, 29.4159
7949.3164, 29.4077
7949.3168, 29.3995
7949.3173, 29.3913
7949.3178, 29.3831
7949.3183, 29.3749
7949.3187, 29.3667
7949.7861, 29.3585
7949.7866, 29.3503
7949.787, 29.3421
7949.7875, 29.3338
7949.788, 29.3256
7949.7885, 29.3175
7949.789, 29.3093
7949.7894, 29.3011
7949.7899, 29.2929
7950.2572, 29.2847
7950.2577, 29.2765
7950.2582, 29.2683
7950.7255, 29.2601
7950.726, 29.2519
7951.1934, 29.2437
7951.1938, 29.2355
7951.1943, 29.2273
7951.1948, 29.2191
7951.1953, 29.2109
7951.1958, 29.2027
7951.1962, 29.1945
7951.1967, 29.1863
7951.1972, 29.1781
7951.1977, 29.1699
7951.1981, 29.1618
7951.665, 29.1617
7951.6644, 29.1699
7951.6641, 29.1781
7951.6636, 29.1863
7951.6631, 29.1945
7951.6625, 29.2027
7951.6621, 29.2109
7951.6617, 29.2191
7951.6612, 29.2273
7951.6606, 29.2355
7951.6602, 29.2437
7951.6597, 29.2519
7951.6593, 29.2601
7951.6588, 29.2683
7951.6583, 29.2765
7951.6578, 29.2847
7951.6574, 29.2929
7951.6569, 29.3011
7951.6564, 29.3093
7951.6559, 29.3175
7951.6554, 29.3256
7951.655, 29.3338
7951.6545, 29.3421
7951.654, 29.3503
7951.6535, 29.3585
7951.653, 29.3667
7951.6526, 29.3749
7952.119, 29.3831
7952.1185, 29.3913
7952.1179, 29.3995
7952.1175, 29.4076
7952.117, 29.4158
7952.1166, 29.424
7952.5829, 29.4322
7952.5825, 29.4404
7952.5819, 29.4485
7952.5815, 29.4567
7952.581, 29.465
7952.5806, 29.4732
7952.58, 29.4814
7952.5796, 29.4896
7952.5791, 29.4978
7952.5786, 29.506
7952.5782, 29.5142
7952.5777, 29.5224
7952.5772, 29.5306
7952.5767, 29.5388
7952.5762, 29.547
7952.5758, 29.5552
7952.5753, 29.5634
7952.5748, 29.5716
7952.5743, 29.5798
7952.5739, 29.588
7952.5734, 29.5962
7952.5729, 29.6044
7952.5724, 29.6126
7952.5718, 29.6208
7952.5715, 29.629
7952.571, 29.6372
7952.5705, 29.6453
7952.5699, 29.6535
7952.5695, 29.6617
7952.5691, 29.6699
7952.5686, 29.6781
7952.5681, 29.6863
7952.5676, 29.6945
7952.5672, 29.7027
7953.0335, 29.7109
7953.0331, 29.7191
7953.0326, 29.7273
7953.0321, 29.7355
7953.0316, 29.7437
7953.0312, 29.7519
7953.0307, 29.7601
7953.0302, 29.7683
7953.0297, 29.7765
7953.0292, 29.7847
7953.0288, 29.7929
7953.0283, 29.8011
7953.0278, 29.8093
7953.0273, 29.8175
7953.0268, 29.8256
7953.0264, 29.8338
7953.0259, 29.842
7953.0254, 29.8502
7953.0249, 29.8585
7953.4913, 29.8667
7953.4908, 29.8749
7953.4904, 29.883
7953.4899, 29.8912
7953.4894, 29.8994
7953.4889, 29.9076
7953.4884, 29.9158
7953.488, 29.924
7953.4875, 29.9322
7953.487, 29.9404
7953.4865, 29.9485
7953.4861, 29.9567
7953.9524, 29.9649
7953.952, 29.9731
7953.9515, 29.9814
7953.951, 29.9896
7953.9505, 29.9978
7953.95, 30.006
7953.9496, 30.0142
7954.416, 30.0224
7954.4155, 30.0306
7954.415, 30.0388
7954.4144, 30.047
7954.414, 30.0552
7954.4136, 30.0634
7954.8799, 30.0716
7954.8795, 30.0798
7954.879, 30.088
7955.3454, 30.0961
7955.3449, 30.1043
7955.3444, 30.1125
7955.3439, 30.1207
7955.8103, 30.1289
7956.2767, 30.1371
7956.2762, 30.1453
7956.2757, 30.1535
7956.7421, 30.1617
7957.2085, 30.1699
7957.6754, 30.1699
7958.1418, 30.1781
7958.608, 30.1863
7958.6077, 30.1945
7959.0745, 30.1945
7959.5413, 30.1945
7960.0078, 30.2027
7960.4746, 30.2027
7960.9415, 30.2027
7961.4079, 30.2109
7961.8742, 30.2191
7962.3411, 30.219
7962.8075, 30.2272
7963.2744, 30.2272
7963.2739, 30.2354
7963.7403, 30.2436
7964.2071, 30.2436
7964.6735, 30.2518
7965.1404, 30.2518
7965.6068, 30.26
7966.0735, 30.26
7966.54, 30.2682
7967.0069, 30.2682
7967.0064, 30.2764
7967.4727, 30.2846
7967.9396, 30.2846
7968.4064, 30.2846
7968.8733, 30.2846
7969.3397, 30.2928
7969.8066, 30.2928
7970.2735, 30.2928
7970.7403, 30.2928
7971.2072, 30.2928
7971.674, 30.2927
7972.1409, 30.2927
7972.6078, 30.2927
7973.0741, 30.3009
7973.541, 30.3009
7974.0079, 30.3009
7974.4742, 30.3091
7974.9411, 30.3091
7975.408, 30.3091
7975.8748, 30.3091
7976.3412, 30.3173
7976.8081, 30.3173
7976.8075, 30.3255
7977.274, 30.3336
7977.7408, 30.3336
7978.2077, 30.3336
7978.6745, 30.3336
7979.1414, 30.3336
7979.6078, 30.3418
7980.0747, 30.3418
7980.5415, 30.3418
7981.0089, 30.3336
7981.4757, 30.3336
7981.9426, 30.3336
7982.4095, 30.3336
7982.8763, 30.3336
7983.3432, 30.3336
7983.81, 30.3336
7984.2769, 30.3336
7984.7438, 30.3336
7985.2106, 30.3336
7985.6775, 30.3336
7986.1443, 30.3336
7986.6112, 30.3336
7987.0776, 30.3418
7987.5445, 30.3418
7988.0113, 30.3418
7988.4782, 30.3418
7988.9449, 30.3418
7989.4119, 30.3418
7989.8788, 30.3418
7990.3456, 30.3418
7990.8125, 30.3418
7991.2793, 30.3418
7991.7457, 30.35
7992.2126, 30.35
7992.6795, 30.35
7993.1463, 30.35
7993.6132, 30.35
7994.08, 30.35
7994.5474, 30.3418
7995.0142, 30.3418
7995.4811, 30.3418
7995.948, 30.3418
7996.4148, 30.3417
7996.8817, 30.3417
7997.3485, 30.3417
7997.8154, 30.3417
7998.2823, 30.3417
7998.749, 30.3417
7999.216, 30.3417
7999.6829, 30.3417
8000.1497, 30.3417
8000.6166, 30.3417
8001.0834, 30.3417
8001.5503, 30.3417
8002.0172, 30.3417
8002.484, 30.3417
8002.9508, 30.3417
8003.4177, 30.3417
8003.8841, 30.3498
8004.351, 30.3498
8004.8178, 30.3498
8005.2847, 30.3498
8005.7516, 30.3498
8006.2184, 30.3498
8006.6853, 30.3498
8007.1522, 30.3498
8007.6195, 30.3417
8008.0864, 30.3417
8008.5532, 30.3417
8009.0201, 30.3417
8009.4868, 30.3417
8009.9538, 30.3416
8010.4207, 30.3416
8010.8875, 30.3416
8011.3544, 30.3416
8011.8212, 30.3416
8012.2881, 30.3416
8012.755, 30.3416
8013.2223, 30.3334
8013.6892, 30.3334
8014.156, 30.3334
8014.6229, 30.3334
8015.0898, 30.3334
8015.5566, 30.3334
8016.0235, 30.3334
8016.4903, 30.3334
8016.9567, 30.3416
8017.4236, 30.3416
8017.8904, 30.3416
8018.3573, 30.3416
8018.8242, 30.3416
8019.291, 30.3416
8019.7584, 30.3334
8020.2252, 30.3334
8020.6921, 30.3334
8020.6926, 30.3252
8021.1599, 30.317
8021.6268, 30.317
8022.0941, 30.3088
8022.561, 30.3088
8023.0278, 30.3088
8023.4947, 30.3088
8023.9611, 30.317
8024.4279, 30.317
8024.8948, 30.317
8025.3617, 30.3169
8025.8285, 30.3169
8026.2953, 30.3169
8026.7622, 30.3169
8027.2291, 30.3169
8027.696, 30.3169
8028.1628, 30.3169
8028.6297, 30.3169
8029.0966, 30.3169
8029.5634, 30.3169
8030.0303, 30.3169
8030.4971, 30.3169
8030.964, 30.3169
8031.4309, 30.3169
8031.8977, 30.3169
8032.3646, 30.3169
8032.8314, 30.3169
8033.2983, 30.3169
8033.7656, 30.3087
8034.2325, 30.3087
8034.6994, 30.3087
8035.1662, 30.3087
8035.6331, 30.3087
8036.1, 30.3087
8036.5668, 30.3087
8037.0337, 30.3087
8037.5005, 30.3087
8037.9674, 30.3087
8038.4343, 30.3087
8038.9011, 30.3087
8039.3679, 30.3086
8039.8348, 30.3086
8040.3017, 30.3086
8040.7686, 30.3086
8041.2354, 30.3086
8041.7023, 30.3086
8042.1692, 30.3086
8042.636, 30.3086
8043.1029, 30.3086
8043.5697, 30.3086
8044.0366, 30.3086
8044.5034, 30.3086
8044.9703, 30.3086
8045.4372, 30.3086
8045.904, 30.3086
8046.3709, 30.3086
8046.8382, 30.3004
8047.3051, 30.3004
8047.772, 30.3004
8048.2388, 30.3004
8048.7057, 30.3004
8049.1724, 30.3004
8049.6394, 30.3004
8050.1063, 30.3004
8050.5731, 30.3004
8051.04, 30.3004
8051.5069, 30.3004
8051.9737, 30.3004
8052.4405, 30.3004
8052.9074, 30.3004
8053.3743, 30.3003
8053.8412, 30.3003
8054.308, 30.3003
8054.7749, 30.3003
8055.2417, 30.3003
8055.7081, 30.3085
8056.175, 30.3085
8056.6419, 30.3085
8057.1087, 30.3085
8057.5756, 30.3085
8058.0424, 30.3085
8058.5093, 30.3085
8058.9766, 30.3003
8059.4435, 30.3003
8059.9104, 30.3003
8060.3772, 30.3003
8060.8446, 30.2921
8061.3114, 30.2921
8061.7783, 30.2921
8062.2451, 30.2921
8062.712, 30.2921
8063.1789, 30.2921
8063.6457, 30.2921
8064.1126, 30.2921
8064.5795, 30.2921
8065.0463, 30.2921
8065.5131, 30.2921
8065.98, 30.2921
8066.4464, 30.3003
8066.9133, 30.3002
8067.3801, 30.3002
8067.847, 30.3002
8068.3139, 30.3002
8068.7807, 30.3002
8069.2476, 30.3002
8069.7145, 30.3002
8070.1813, 30.3002
8070.6482, 30.3002
8071.115, 30.3002
8071.5819, 30.3002
8072.0488, 30.3002
8072.5156, 30.3002
8072.9825, 30.3002
8073.4493, 30.3002
8073.9167, 30.292
8074.3835, 30.292
8074.8504, 30.292
8075.3173, 30.292
8075.7841, 30.292
8076.251, 30.292
8076.7179, 30.292
8077.1847, 30.292
8077.6516, 30.292
8078.1184, 30.292
8078.5853, 30.292
8079.0517, 30.3002
8079.5185, 30.3002
8079.9854, 30.3002
8080.4523, 30.3002
8080.9191, 30.3001
8081.386, 30.3001
8081.8528, 30.3001
8082.3197, 30.3001
8082.7861, 30.3083
8083.253, 30.3083
8083.7198, 30.3083
8084.1867, 30.3083
8084.6535, 30.3083
8085.1204, 30.3083
8085.5873, 30.3083
8086.0541, 30.3083
8086.521, 30.3083
8086.9878, 30.3083
8087.4552, 30.3001
8087.922, 30.3001
8088.3889, 30.3001
8088.8558, 30.3001
8089.3226, 30.3001
8089.7894, 30.3001
8090.2564, 30.3001
8090.7231, 30.3001
8091.1901, 30.3001
8091.6569, 30.3001
8092.1238, 30.3001
8092.5907, 30.3001
8093.0575, 30.3001
8093.5244, 30.3001
8093.9912, 30.3001
8094.4581, 30.3
8094.925, 30.3
8095.3918, 30.3
8095.8587, 30.3
8096.3256, 30.3
8096.7924, 30.3
8097.2593, 30.3
8097.7261, 30.3
8098.193, 30.3
8098.6594, 30.3082
8099.1262, 30.3082
8099.5931, 30.3082
8100.06, 30.3082
8100.5268, 30.3082
8100.9937, 30.3082
8101.4605, 30.3082
8101.9274, 30.3082
8102.3942, 30.3082
8102.8611, 30.3082
8103.328, 30.3082
8103.7953, 30.3
8104.2622, 30.3
8104.729, 30.3
8105.1959, 30.3
8105.6627, 30.3
8106.1296, 30.3
8106.5965, 30.3
8107.0634, 30.3
8107.5302, 30.3
8107.9971, 30.2999
8108.4639, 30.2999
8108.9308, 30.2999
8109.3977, 30.2999
8109.8641, 30.3081
8110.3309, 30.3081
8110.7978, 30.3081
8111.2646, 30.3081
8111.7315, 30.3081
8112.1984, 30.3081
8112.6646, 30.3163
8113.1316, 30.3163
8113.5985, 30.3163
8114.0653, 30.3163
8114.5322, 30.3163
8114.999, 30.3163
8115.4659, 30.3163
8115.9327, 30.3163
8116.3996, 30.3163
8116.867, 30.3081
8117.3338, 30.3081
8117.8007, 30.3081
8118.2676, 30.3081
8118.7344, 30.3081
8119.2013, 30.3081
8119.6681, 30.3081
8120.1355, 30.2999
8120.6023, 30.2999
8121.0692, 30.2999
8121.5356, 30.308
8122.0024, 30.308
8122.4693, 30.308
8122.9362, 30.308
8123.403, 30.308
8123.8699, 30.308
8124.3368, 30.308
8124.8035, 30.308
8125.2705, 30.308
8125.7372, 30.308
8126.2037, 30.3162
8126.6705, 30.3162
8127.1374, 30.3162
8127.6042, 30.3162
8128.0712, 30.3162
8128.538, 30.3162
8129.0049, 30.3162
8129.4718, 30.3162
8129.9386, 30.3162
8130.4055, 30.3162
8130.8723, 30.3162
8131.3392, 30.3162
8131.8061, 30.3162
8132.2729, 30.3162
8132.7403, 30.308
8133.2071, 30.308
8133.674, 30.308
8134.1408, 30.308
8134.6077, 30.308
8135.0746, 30.3079
8135.5413, 30.3079
8136.0083, 30.3079
8136.4752, 30.3079
8136.942, 30.3079
8137.4089, 30.3079
8137.8757, 30.3079
8138.3426, 30.3079
8138.8094, 30.3079
8139.2763, 30.3079
8139.7427, 30.3161
8140.2096, 30.3161
8140.6764, 30.3161
8141.1433, 30.3161
8141.6101, 30.3161
8142.077, 30.3161
8142.5439, 30.3161
8143.0107, 30.3161
8143.4776, 30.3161
8143.9445, 30.3161
8144.4113, 30.3161
8144.8782, 30.3161
8145.345, 30.3161
8145.8119, 30.3161
8146.2788, 30.3161
8146.7456, 30.3161
8147.2125, 30.3161
8147.6793, 30.3161
8148.1461, 30.316
8148.6131, 30.316
8149.0804, 30.3078
8149.5473, 30.3078
8150.0141, 30.3078
8150.4809, 30.3078
8150.9479, 30.3078
8151.4147, 30.3078
8151.8816, 30.3078
8152.3484, 30.3078
8152.8153, 30.3078
8153.2822, 30.3078
8153.749, 30.3078
8154.2159, 30.3078
8154.6827, 30.3078
8155.1496, 30.3078
8155.616, 30.316
8156.0829, 30.316
8156.5497, 30.316
8157.0166, 30.316
8157.4834, 30.316
8157.9503, 30.316
8158.4172, 30.316
8158.884, 30.316
8159.3509, 30.316
8159.8176, 30.316
8160.2846, 30.316
8160.2841, 30.3242
8160.7505, 30.3323
8161.2174, 30.3323
8161.6842, 30.3323
8162.1511, 30.3323
8162.6179, 30.3323
8163.0848, 30.3323
8163.0853, 30.3241
8163.5526, 30.3159
8164.0195, 30.3159
8164.4864, 30.3159
8164.9532, 30.3159
8165.4201, 30.3159
8165.8869, 30.3159
8166.3538, 30.3159
8166.8207, 30.3159
8167.2875, 30.3159
8167.7544, 30.3159
8168.2212, 30.3159
8168.6881, 30.3159
8169.155, 30.3159
8169.6218, 30.3159
8170.0887, 30.3159
8170.0882, 30.3241
8170.5546, 30.3323
8171.0215, 30.3323
8171.4883, 30.3323
8171.9552, 30.3323
8172.4216, 30.3405
8172.8883, 30.3405
8173.3553, 30.3405
8173.8221, 30.3405
8174.289, 30.3404
8174.7559, 30.3404
8175.2232, 30.3322
8175.6901, 30.3322
8176.1569, 30.3322
8176.6238, 30.3322
8177.0907, 30.3322
8177.5575, 30.3322
8178.0244, 30.3322
8178.4912, 30.3322
8178.9581, 30.3322
8179.425, 30.3322
8179.8918, 30.3322
8180.3587, 30.3322
8180.8255, 30.3322
8181.2924, 30.3322
8181.7593, 30.3322
8182.2261, 30.3322
8182.693, 30.3322
8183.1599, 30.3322
8183.6267, 30.3322
8184.0931, 30.3404
8184.56, 30.3404
8185.0268, 30.3404
8185.4937, 30.3404
8185.9605, 30.3404
8186.4274, 30.3404
8186.8942, 30.3404
8187.3607, 30.3485
8187.8275, 30.3485
8188.2944, 30.3485
8188.7612, 30.3485
8189.2281, 30.3485
8189.6949, 30.3485
8190.1618, 30.3485
8190.6287, 30.3485
8191.0955, 30.3485
8191.5629, 30.3403
8192.0297, 30.3403
8192.4966, 30.3403
8192.9635, 30.3403
8193.4303, 30.3403
8193.8972, 30.3403
8194.3641, 30.3403
8194.8309, 30.3403
8195.2978, 30.3403
8195.7646, 30.3403
8196.2315, 30.3403
8196.6984, 30.3403
8197.1652, 30.3403
8197.632, 30.3403
8198.0989, 30.3403
8198.5653, 30.3485
8199.0322, 30.3485
8199.499, 30.3485
8199.9659, 30.3485
8200.4328, 30.3485
8200.8996, 30.3484
8201.3665, 30.3484
8201.8334, 30.3484
8202.2997, 30.3566
8202.7666, 30.3566
8203.2335, 30.3566
8203.7003, 30.3566
8204.1672, 30.3566
8204.6345, 30.3484
8205.1014, 30.3484
8205.5682, 30.3484
8206.0351, 30.3484
8206.502, 30.3484
8206.9687, 30.3484
8207.4357, 30.3484
8207.9026, 30.3484
8208.3694, 30.3484
8208.8363, 30.3484
8209.3031, 30.3484
8209.77, 30.3484
8210.2368, 30.3484
8210.7037, 30.3484
8211.1706, 30.3484
8211.6379, 30.3402
