#DataThief C:\Users\Andy.DESKTOP-CFRG05F\OneDrive - California Institute of Technology\Documents\Research\Kornfield\EXPERIMENTS\Italy\data\datathief\20190801_0809_1k3f_30c\20190805_1338_1k3f_500kPa_30c_p.PNG Saturday 24-Aug-2019 10:03:55 PM
1002.8761, 158.3211
1010.0458, 158.3204
1017.2227, 156.5574
1024.3924, 156.5566
1031.5621, 156.5558
1038.7391, 154.7929
1045.9087, 154.7921
1053.0784, 154.7913
1060.2481, 154.7907
1067.4177, 154.7899
1074.5874, 154.7892
1081.7644, 153.0262
1088.934, 153.0254
1096.1037, 153.0247
1103.2732, 153.0239
1110.443, 153.0232
1117.6127, 153.0225
1124.7823, 153.0217
1131.952, 153.021
1139.1216, 153.0203
1146.2913, 153.0195
1153.4609, 153.0188
1160.6306, 153.0181
1167.8003, 153.0173
1174.9699, 153.0166
1182.1396, 153.0159
1189.3092, 153.0151
1196.4788, 153.0144
1203.6484, 153.0137
1210.8182, 153.0129
1210.8109, 154.7752
1210.8035, 156.5375
1210.7962, 158.2998
1210.7888, 160.0621
1210.7814, 161.8244
1210.7741, 163.5867
1210.7668, 165.349
1210.7593, 167.1113
1210.7521, 168.8736
1210.7447, 170.6359
1210.7374, 172.3982
1210.7301, 174.1605
1210.7227, 175.9228
1210.7154, 177.6851
1210.708, 179.4474
1210.7006, 181.2097
1210.6933, 182.972
1210.686, 184.7343
1210.6785, 186.4965
1210.6713, 188.2588
1210.6639, 190.0211
1210.6566, 191.7833
1210.6492, 193.5457
1210.6419, 195.308
1210.6346, 197.0703
1210.6272, 198.8326
1210.6199, 200.5949
1210.6125, 202.3572
1210.6052, 204.1195
1210.5977, 205.8818
1210.5905, 207.6441
1210.5831, 209.4064
1210.5758, 211.1687
1210.5684, 212.931
1210.5611, 214.6933
1210.5537, 216.4556
1210.5464, 218.2179
1210.5391, 219.9802
1210.5316, 221.7425
1210.5244, 223.5048
1210.517, 225.2671
1210.5097, 227.0294
1210.5023, 228.7915
1210.495, 230.5539
1210.4876, 232.3162
1210.4803, 234.0785
1210.4729, 235.8408
1210.4656, 237.6031
1210.4583, 239.3654
1210.4509, 241.1277
1210.4436, 242.89
1210.4362, 244.6522
1210.4289, 246.4146
1210.4215, 248.1769
1210.4142, 249.9392
1210.4068, 251.7015
1210.3995, 253.4638
1210.3921, 255.2261
1210.3848, 256.9884
1210.3774, 258.7507
1210.37, 260.513
1210.3628, 262.2753
1210.3554, 264.0376
1210.3481, 265.7999
1210.3407, 267.5622
1210.3334, 269.3245
1210.326, 271.0867
1210.3187, 272.849
1210.3113, 274.6113
1210.304, 276.3736
1210.2966, 278.1359
1210.2893, 279.8982
1210.2819, 281.6604
1210.2746, 283.4228
1210.2673, 285.1851
1210.2599, 286.9474
1210.2526, 288.7097
1210.2452, 290.472
1210.2379, 292.2343
1210.2305, 293.9966
1210.2232, 295.7589
1210.2158, 297.5211
1210.2085, 299.2835
1210.2011, 301.0458
1210.1938, 302.8081
1210.1865, 304.5704
1210.1791, 306.3327
1210.1718, 308.095
1210.1644, 309.8573
1210.1571, 311.6196
1210.1497, 313.3818
1210.1424, 315.1441
1210.135, 316.9064
1210.1277, 318.6686
1210.1203, 320.431
1210.113, 322.1933
1210.1056, 323.9556
1210.0983, 325.7179
1210.091, 327.4802
1210.0836, 329.2425
1210.0763, 331.0048
1210.0689, 332.7671
1210.0616, 334.5293
1210.0542, 336.2917
1210.0469, 338.054
1210.0395, 339.8163
1210.0322, 341.5786
1210.0248, 343.3409
1210.0175, 345.1032
1210.0101, 346.8655
1210.0028, 348.6278
1209.9955, 350.3901
1209.9881, 352.1524
1209.9808, 353.9146
1209.9734, 355.6768
1209.9661, 357.4392
1209.9586, 359.2015
1209.9514, 360.9638
1209.944, 362.7261
1209.9367, 364.4884
1209.9293, 366.2507
1209.922, 368.013
1209.9146, 369.7753
1209.9073, 371.5375
1209.9, 373.2999
1209.8925, 375.0622
1209.8853, 376.8245
1209.8779, 378.5868
1209.8706, 380.3491
1209.8632, 382.1114
1209.8559, 383.8737
1209.8485, 385.636
1209.8412, 387.3982
1209.8338, 389.1606
1209.8265, 390.9229
1209.8192, 392.6852
1209.8117, 394.4475
1209.8045, 396.2098
1209.7971, 397.972
1209.7898, 399.7343
1209.7824, 401.4966
1209.7751, 403.2589
1209.7677, 405.0212
1209.7604, 406.7835
1209.753, 408.5457
1209.7457, 410.3081
1209.7383, 412.0704
1209.7309, 413.8327
1209.7237, 415.595
1209.7163, 417.3573
1209.709, 419.1196
1209.7016, 420.8819
1209.6943, 422.6442
1209.6869, 424.4064
1209.6796, 426.1688
1209.6722, 427.9311
1209.6649, 429.6934
1209.6575, 431.4557
1209.6502, 433.218
1209.6429, 434.9803
1209.6355, 436.7426
1209.6282, 438.5049
1209.6208, 440.2671
1209.6135, 442.0294
1209.6061, 443.7917
1209.5988, 445.554
1209.5914, 447.3163
1209.584, 449.0786
1209.5767, 450.8409
1209.5694, 452.6032
1209.562, 454.3655
1209.5547, 456.1278
1209.5474, 457.8901
1209.54, 459.6524
1209.5327, 461.4147
1209.5253, 463.177
1209.518, 464.9393
1209.5106, 466.7016
1209.5032, 468.4639
1209.4959, 470.2262
1209.4886, 471.9885
1209.4812, 473.7508
1209.4739, 475.5131
1209.4665, 477.2753
1209.4592, 479.0377
1209.4519, 480.8
1209.4445, 482.5622
1209.4372, 484.3245
1209.4298, 486.0868
1209.4224, 487.8491
1209.4151, 489.6114
1209.4078, 491.3737
1209.4003, 493.136
1209.3931, 494.8982
1216.5554, 496.6599
1216.5481, 498.4222
1216.5407, 500.1844
1223.7177, 498.4214
1230.8874, 498.4207
1238.057, 498.42
1245.2267, 498.4192
1252.3963, 498.4184
1259.5659, 498.4178
1266.7357, 498.417
1273.9053, 498.4163
1281.075, 498.4156
1288.2446, 498.4148
1295.4143, 498.4141
1302.5838, 498.4134
1309.7536, 498.4126
1316.9233, 498.4119
1324.0929, 498.4112
1331.2626, 498.4104
1338.4322, 498.4097
1345.6019, 498.409
1352.7715, 498.4082
1359.9412, 498.4075
1367.1109, 498.4068
1374.2805, 498.406
1381.4502, 498.4053
1388.6198, 498.4045
1395.7894, 498.4038
1402.959, 498.4031
1410.1288, 498.4022
1417.3058, 496.6393
1424.4755, 496.6385
1431.6451, 496.6378
1438.8148, 496.6371
1445.9844, 496.6364
1453.1541, 496.6356
1460.3237, 496.6349
1467.4934, 496.6341
1474.6631, 496.6334
1481.8327, 496.6327
1489.0024, 496.632
1496.172, 496.6312
1503.3417, 496.6305
1510.5112, 496.6298
1517.681, 496.629
1524.8507, 496.6282
1532.0203, 496.6276
1539.19, 496.6268
1546.3596, 496.6261
1553.5293, 496.6254
1560.6989, 496.6246
1567.8686, 496.6239
1575.0383, 496.6232
1582.2079, 496.6223
1589.3776, 496.6217
1596.5472, 496.6209
1603.7168, 496.6202
1610.8864, 496.6195
1618.0562, 496.6187
1625.2259, 496.6179
1632.3955, 496.6173
1639.5652, 496.6165
1646.7348, 496.6158
1653.9045, 496.6151
1661.0741, 496.6143
1668.2438, 496.6136
1675.4135, 496.6129
1682.5831, 496.612
1689.7528, 496.6114
1696.9224, 496.6107
1704.0921, 496.6099
1711.2617, 496.6092
1718.4314, 496.6085
1725.6011, 496.6077
1732.7707, 496.607
1739.9404, 496.6063
1747.11, 496.6055
1754.2797, 496.6048
1761.4493, 496.604
1768.619, 496.6033
1775.7887, 496.6026
1782.9583, 496.6018
1790.128, 496.6011
1797.2976, 496.6004
1804.4673, 496.5996
1811.6369, 496.5989
1818.8066, 496.5981
1825.9763, 496.5974
1833.1459, 496.5967
1840.3155, 496.596
1847.4852, 496.5952
1854.6549, 496.5945
1861.8245, 496.5937
1868.9942, 496.593
1876.1639, 496.5923
1883.3335, 496.5916
1890.5032, 496.5908
1897.6728, 496.5901
1904.8425, 496.5894
1912.0121, 496.5886
1919.1818, 496.5878
1926.3514, 496.5872
1933.5211, 496.5864
1940.6907, 496.5857
1947.8604, 496.585
1955.0301, 496.5842
1962.1997, 496.5835
1969.3694, 496.5827
1976.539, 496.5819
1983.7086, 496.5813
1990.8784, 496.5805
1998.048, 496.5798
2005.2177, 496.5791
2012.3873, 496.5783
2019.557, 496.5776
2026.7266, 496.5769
2033.8963, 496.576
2041.066, 496.5754
2048.2356, 496.5747
2055.4053, 496.5739
2062.5749, 496.5732
2069.7446, 496.5725
2076.9142, 496.5716
2084.0839, 496.571
2091.2536, 496.5703
2098.4232, 496.5695
2105.5929, 496.5688
2112.7625, 496.5681
2119.9322, 496.5673
2127.1018, 496.5666
2134.2789, 494.8035
2141.4485, 494.8028
2148.6181, 494.8021

5217, 494.8