#DataThief C:\Users\Andy.DESKTOP-CFRG05F\OneDrive - California Institute of Technology\Documents\Research\Kornfield\EXPERIMENTS\Italy\data\datathief\20190801_0809_1k3f_30c\20190808_1310_1k3f_3500kPa_30c_T.PNG Sunday 25-Aug-2019 12:55:52 PM
9028.5038, 30.5225
9028.9207, 30.5225
9029.3375, 30.5225
9029.7543, 30.5225
9030.1712, 30.5225
9030.588, 30.5225
9031.0049, 30.5225
9031.4217, 30.5225
9031.8386, 30.5225
9032.2554, 30.5225
9032.6722, 30.5225
9033.0891, 30.5225
9033.5059, 30.5225
9033.9228, 30.5225
9034.3396, 30.5225
9034.7564, 30.5225
9035.1733, 30.5225
9035.5901, 30.5225
9036.007, 30.5225
9036.4234, 30.5307
9036.8401, 30.5307
9037.257, 30.5307
9037.6735, 30.5389
9038.0903, 30.5389
9038.507, 30.5389
9038.924, 30.5389
9039.3408, 30.5388
9039.7581, 30.5306
9040.1749, 30.5306
9040.5918, 30.5306
9041.0086, 30.5306
9041.4255, 30.5306
9041.8423, 30.5306
9042.2591, 30.5306
9042.6764, 30.5224
9043.0932, 30.5224
9043.5101, 30.5224
9043.9268, 30.5224
9044.3437, 30.5224
9044.7606, 30.5224
9045.1774, 30.5224
9045.5943, 30.5224
9046.0111, 30.5224
9046.428, 30.5224
9046.8448, 30.5224
9047.2617, 30.5224
9047.6785, 30.5224
9048.0953, 30.5224
9048.5122, 30.5224
9048.929, 30.5224
9049.3458, 30.5224
9049.7627, 30.5224
9050.1795, 30.5224
9050.5964, 30.5224
9051.0132, 30.5224
9051.4301, 30.5224
9051.8465, 30.5306
9052.2633, 30.5305
9052.6802, 30.5305
9053.097, 30.5305
9053.5138, 30.5305
9053.9306, 30.5305
9054.3475, 30.5305
9054.7644, 30.5305
9055.1812, 30.5305
9055.5979, 30.5305
9056.0153, 30.5223
9056.4321, 30.5223
9056.849, 30.5223
9056.8494, 30.5141
9057.2667, 30.5059
9057.6835, 30.5059
9057.6839, 30.4977
9057.6844, 30.4895
9057.6848, 30.4813
9057.6852, 30.4731
9057.6857, 30.4649
9057.6861, 30.4567
9057.6865, 30.4485
9057.6869, 30.4403
9057.6874, 30.4321
9057.6878, 30.4239
9057.6882, 30.4157
9057.6886, 30.4076
9057.6891, 30.3994
9057.6895, 30.3912
9057.6899, 30.383
9057.6904, 30.3748
9057.6907, 30.3666
9057.6912, 30.3584
9057.6916, 30.3502
9057.6921, 30.342
9057.6925, 30.3338
9057.6928, 30.3256
9057.6933, 30.3174
9057.6938, 30.3092
9057.6942, 30.301
9057.6945, 30.2928
9057.6949, 30.2846
9057.6955, 30.2764
9057.6959, 30.2682
9057.6963, 30.26
9057.6968, 30.2518
9057.6972, 30.2436
9057.6976, 30.2354
9057.698, 30.2272
9057.6985, 30.219
9057.6989, 30.2107
9057.6993, 30.2026
9057.6997, 30.1944
9057.7002, 30.1862
9057.7006, 30.178
9057.701, 30.1698
9057.7015, 30.1616
9057.7019, 30.1535
9057.7023, 30.1453
9057.7027, 30.1371
9057.7032, 30.1289
9057.7036, 30.1207
9057.704, 30.1125
9057.7044, 30.1043
9057.7048, 30.0961
9057.7053, 30.0879
9057.7057, 30.0796
9057.7062, 30.0715
9057.7066, 30.0633
9057.7069, 30.0551
9057.7074, 30.0469
9057.7079, 30.0387
9057.7083, 30.0305
9057.7086, 30.0223
9057.709, 30.0141
9057.7096, 30.0059
9057.71, 29.9977
9058.1273, 29.9895
9058.1277, 29.9813
9058.128, 29.9731
9058.1285, 29.9649
9058.129, 29.9567
9058.1294, 29.9485
9058.1298, 29.9403
9058.1303, 29.9321
9058.1307, 29.9239
9058.1311, 29.9157
9058.1315, 29.9075
9058.132, 29.8994
9058.1324, 29.8912
9058.1328, 29.883
9058.1332, 29.8748
9058.1337, 29.8666
9058.1341, 29.8584
9058.1345, 29.8502
9058.135, 29.842
9058.1354, 29.8338
9058.1358, 29.8256
9058.1362, 29.8174
9058.1367, 29.8092
9058.1371, 29.801
9058.1375, 29.7928
9058.1379, 29.7846
9058.1384, 29.7764
9058.1388, 29.7682
9058.1392, 29.76
9058.1397, 29.7518
9058.1401, 29.7436
9058.1405, 29.7354
9058.1409, 29.7271
9058.1414, 29.7189
9058.1418, 29.7107
9058.1421, 29.7026
9058.1426, 29.6944
9058.1431, 29.6862
9058.1435, 29.678
9058.1439, 29.6698
9058.1443, 29.6616
9058.1448, 29.6534
9058.1452, 29.6453
9058.1456, 29.6371
9058.1461, 29.6289
9058.1465, 29.6207
9058.1469, 29.6125
9058.1473, 29.6042
9058.1478, 29.596
9058.1482, 29.5878
9058.1486, 29.5796
9058.149, 29.5715
9058.5663, 29.5633
9058.5667, 29.5551
9058.5672, 29.5469
9058.5676, 29.5387
9058.568, 29.5305
9058.5685, 29.5223
9058.5689, 29.5141
9058.5693, 29.5059
9058.5697, 29.4977
9058.5702, 29.4895
9058.5706, 29.4813
9058.571, 29.4731
9058.5714, 29.4649
9058.5718, 29.4567
9058.5723, 29.4485
9058.5727, 29.4403
9058.5731, 29.4321
9058.5735, 29.4239
9058.5739, 29.4157
9058.5744, 29.4075
9058.5749, 29.3993
9058.5753, 29.3912
9058.5756, 29.383
9058.576, 29.3748
9058.5766, 29.3666
9058.9938, 29.3584
9058.9943, 29.3502
9058.9947, 29.342
9058.995, 29.3338
9058.9955, 29.3256
9058.996, 29.3174
9058.9964, 29.3092
9058.9968, 29.301
9058.9971, 29.2928
9058.9977, 29.2846
9058.9981, 29.2764
9058.9985, 29.2682
9059.4158, 29.26
9059.4162, 29.2518
9059.4167, 29.2436
9059.4171, 29.2354
9059.4175, 29.2272
9059.4179, 29.219
9059.4184, 29.2107
9059.4188, 29.2026
9059.4192, 29.1944
9059.8365, 29.1862
9059.8369, 29.178
9059.8373, 29.1698
9059.8378, 29.1616
9059.8382, 29.1534
9059.8386, 29.1452
9060.2559, 29.137
9060.2563, 29.1288
9060.2567, 29.1206
9060.2572, 29.1124
9060.6743, 29.1042
9061.0917, 29.096
9061.509, 29.0878
9061.5093, 29.0796
9061.9262, 29.0796
9061.9258, 29.0878
9061.9254, 29.096
9061.925, 29.1042
9061.9245, 29.1124
9061.9241, 29.1206
9061.9237, 29.1288
9061.9232, 29.137
9061.9228, 29.1452
9061.9224, 29.1534
9061.922, 29.1616
9061.9215, 29.1698
9061.9211, 29.178
9061.9207, 29.1862
9061.9203, 29.1944
9061.9198, 29.2026
9061.9194, 29.2107
9061.919, 29.219
9061.9184, 29.2272
9061.9181, 29.2354
9061.9177, 29.2436
9061.9173, 29.2518
9061.9167, 29.26
9061.9163, 29.2682
9061.916, 29.2764
9061.9156, 29.2846
9062.332, 29.2928
9062.3315, 29.301
9062.3311, 29.3092
9062.3307, 29.3173
9062.3303, 29.3255
9062.3298, 29.3336
9062.3294, 29.3418
9062.329, 29.3501
9062.3286, 29.3583
9062.3281, 29.3665
9062.3277, 29.3747
9062.3273, 29.3829
9062.3268, 29.3911
9062.3264, 29.3993
9062.326, 29.4075
9062.3256, 29.4157
9062.3251, 29.4239
9062.3247, 29.4321
9062.3243, 29.4403
9062.3239, 29.4485
9062.3234, 29.4567
9062.323, 29.4649
9062.3226, 29.4731
9062.3222, 29.4813
9062.3216, 29.4895
9062.3213, 29.4977
9062.3209, 29.5059
9062.3204, 29.5141
9062.32, 29.5223
9062.3195, 29.5305
9062.3192, 29.5387
9062.3187, 29.5469
9062.3183, 29.5551
9062.3179, 29.5633
9062.3175, 29.5714
9062.317, 29.5796
9062.3166, 29.5878
9062.733, 29.596
9062.7326, 29.6042
9062.7322, 29.6124
9062.7317, 29.6206
9062.7313, 29.6288
9062.7309, 29.637
9062.7304, 29.6452
9062.73, 29.6534
9062.7296, 29.6616
9062.7292, 29.6698
9062.7287, 29.678
9062.7283, 29.6862
9062.7279, 29.6944
9062.7275, 29.7026
9062.7269, 29.7107
9062.7266, 29.7189
9062.7262, 29.7271
9062.7258, 29.7354
9062.7252, 29.7436
9062.7248, 29.7518
9062.7245, 29.76
9062.724, 29.7682
9062.7236, 29.7764
9062.7231, 29.7846
9063.1396, 29.7928
9063.1392, 29.8009
9063.1387, 29.8091
9063.1383, 29.8173
9063.1379, 29.8255
9063.1375, 29.8336
9063.137, 29.8418
9063.1366, 29.85
9063.1362, 29.8582
9063.1358, 29.8665
9063.1353, 29.8747
9063.1349, 29.8829
9063.1345, 29.8911
9063.1341, 29.8993
9063.1336, 29.9075
9063.1332, 29.9157
9063.5495, 29.9239
9063.5492, 29.9321
9063.5488, 29.9403
9063.5483, 29.9485
9063.5479, 29.9567
9063.5474, 29.9649
9063.547, 29.9731
9063.5466, 29.9813
9063.5462, 29.9895
9063.5457, 29.9977
9063.5453, 30.0059
9063.9618, 30.0141
9063.9613, 30.0223
9063.9609, 30.0305
9063.9605, 30.0386
9063.96, 30.0468
9063.9596, 30.055
9063.9592, 30.0632
9064.3756, 30.0714
9064.3752, 30.0796
9064.3747, 30.0878
9064.3743, 30.096
9064.3739, 30.1042
9064.3735, 30.1124
9064.373, 30.1206
9064.7894, 30.1288
9064.789, 30.137
9064.7886, 30.1452
9064.7882, 30.1534
9065.2046, 30.1616
9065.2042, 30.1698
9065.2037, 30.178
9065.2033, 30.1862
9065.2029, 30.1944
9065.6193, 30.2026
9065.6189, 30.2107
9065.6183, 30.219
9066.0349, 30.2272
9066.0344, 30.2354
9066.034, 30.2435
9066.4504, 30.2517
9066.45, 30.2599
9066.4496, 30.2681
9066.866, 30.2763
9066.8655, 30.2845
9066.8651, 30.2927
9067.2814, 30.3009
9067.6979, 30.3091
9067.6975, 30.3173
9068.1139, 30.3255
9068.1135, 30.3336
9068.5299, 30.3418
9068.5295, 30.3501
9068.9459, 30.3583
9069.3627, 30.3583
9069.7792, 30.3665
9070.1956, 30.3747
9070.1951, 30.3829
9070.6116, 30.3911
9071.028, 30.3992
9071.4447, 30.3992
9071.8616, 30.3992
9072.2781, 30.4074
9072.6949, 30.4074
9073.1117, 30.4074
9073.1113, 30.4156
9073.5276, 30.4238
9073.9441, 30.432
9074.361, 30.432
9074.7774, 30.4402
9075.1942, 30.4402
9075.6107, 30.4484
9076.0275, 30.4484
9076.4439, 30.4566
9076.4435, 30.4647
9076.8599, 30.4729
9077.2767, 30.4729
9077.6931, 30.4812
9078.11, 30.4812
9078.5264, 30.4893
9078.9432, 30.4893
9079.3597, 30.4975
9079.7761, 30.5057
9080.1929, 30.5057
9080.1925, 30.5139
9080.6089, 30.5221
9081.0253, 30.5303
9081.4421, 30.5303
9081.859, 30.5303
9082.2753, 30.5385
9082.6922, 30.5385
9083.1087, 30.5467
9083.5255, 30.5467
9083.9423, 30.5467
9084.3592, 30.5467
9084.776, 30.5467
9085.1929, 30.5467
9085.6097, 30.5467
9085.6093, 30.5549
9086.0257, 30.5631
9086.4425, 30.5631
9086.8594, 30.5631
9087.2762, 30.563
9087.6926, 30.5712
9088.1095, 30.5712
9088.5263, 30.5712
9088.9431, 30.5712
9089.3599, 30.5712
9089.7764, 30.5794
9090.1932, 30.5794
9090.6101, 30.5794
9091.0269, 30.5794
9091.4433, 30.5876
9091.8601, 30.5876
9092.277, 30.5876
9092.6934, 30.5958
9093.1103, 30.5958
9093.5271, 30.5958
9093.5267, 30.604
9093.9431, 30.6122
9094.3599, 30.6122
9094.7763, 30.6204
9095.1932, 30.6204
9095.6096, 30.6286
9096.0264, 30.6284
9096.4433, 30.6284
9096.8601, 30.6284
9097.277, 30.6284
9097.6938, 30.6284
9098.1106, 30.6284
9098.5274, 30.6284
9098.9443, 30.6284
9099.3612, 30.6284
9099.778, 30.6284
9100.1948, 30.6284
9100.6117, 30.6284
9101.0285, 30.6284
9101.4454, 30.6284
9101.8622, 30.6284
9102.279, 30.6284
9102.6959, 30.6284
9103.1127, 30.6284
9103.5295, 30.6284
9103.9464, 30.6284
9104.3633, 30.6284
9104.7801, 30.6284
9105.1969, 30.6284
9105.6138, 30.6284
9106.0306, 30.6284
9106.447, 30.6367
9106.8639, 30.6367
9107.2807, 30.6367
9107.6975, 30.6367
9108.1144, 30.6366
9108.5312, 30.6366
9108.9481, 30.6366
9109.3649, 30.6366
9109.7812, 30.6448
9110.1982, 30.6448
9110.615, 30.6448
9111.0318, 30.6448
9111.4487, 30.6448
9111.8655, 30.6448
9112.2828, 30.6366
9112.6996, 30.6366
9113.1165, 30.6366
9113.5333, 30.6366
9113.9506, 30.6284
9114.3674, 30.6284
9114.7843, 30.6284
9115.2011, 30.6284
9115.6183, 30.6202
9116.0352, 30.6202
9116.4521, 30.6202
9116.8689, 30.6202
9117.2857, 30.6202
9117.7026, 30.6202
9118.1194, 30.6202
9118.5363, 30.6202
9118.9531, 30.6202
9119.3699, 30.6202
9119.7868, 30.6202
9120.2036, 30.6202
9120.6209, 30.612
9121.0377, 30.612
9121.4546, 30.6118
9121.8714, 30.6118
9122.2882, 30.6118
9122.705, 30.6118
9123.1219, 30.6118
9123.5388, 30.6118
9123.9556, 30.6118
9124.3725, 30.6118
9124.7893, 30.6118
9125.2061, 30.6118
9125.623, 30.6118
9126.0398, 30.6118
9126.0402, 30.6037
9126.4575, 30.5955
9126.8742, 30.5955
9127.2912, 30.5955
9127.7085, 30.5873
9128.1253, 30.5873
9128.5421, 30.5873
9128.959, 30.5873
9129.3758, 30.5873
9129.7927, 30.5873
9130.2095, 30.5873
9130.6268, 30.5791
9131.0436, 30.5791
9131.4604, 30.5791
9131.8773, 30.5791
9132.2946, 30.5709
9132.7114, 30.5709
9133.1282, 30.5709
9133.5451, 30.5709
9133.9619, 30.5709
9134.3788, 30.5709
9134.7955, 30.5709
9135.2124, 30.5709
9135.6293, 30.5708
9136.0461, 30.5708
9136.463, 30.5708
9136.8798, 30.5708
9137.2966, 30.5708
9137.7135, 30.5708
9138.1303, 30.5708
9138.5472, 30.5708
9138.9644, 30.5626
9139.3813, 30.5626
9139.7981, 30.5626
9140.215, 30.5626
9140.2154, 30.5544
9140.6326, 30.5462
9141.0495, 30.5462
9141.4663, 30.5462
9141.8832, 30.5462
9142.3, 30.5462
9142.7173, 30.538
9143.1341, 30.538
9143.551, 30.538
9143.9678, 30.538
9144.3846, 30.538
9144.8014, 30.538
9145.2183, 30.538
9145.6352, 30.538
9146.052, 30.538
9146.4687, 30.538
9146.8857, 30.538
9147.3025, 30.538
9147.7194, 30.538
9148.1362, 30.538
9148.553, 30.538
9148.9699, 30.538
9149.3867, 30.5379
9149.8035, 30.5379
9150.2204, 30.5379
9150.6372, 30.5379
9151.0541, 30.5379
9151.4714, 30.5297
9151.8881, 30.5297
9152.305, 30.5297
9152.7219, 30.5297
9153.1387, 30.5297
9153.5556, 30.5297
9153.9727, 30.5215
9154.3897, 30.5215
9154.8065, 30.5215
9155.2233, 30.5215
9155.6402, 30.5215
9156.057, 30.5215
9156.4739, 30.5215
9156.8907, 30.5215
9157.3075, 30.5215
9157.7244, 30.5215
9158.1412, 30.5215
9158.5581, 30.5215
9158.9748, 30.5215
9159.3918, 30.5215
9159.8086, 30.5215
9160.2254, 30.5215
9160.6423, 30.5215
9161.0591, 30.5215
9161.476, 30.5215
9161.8928, 30.5215
9162.3096, 30.5213
9162.7265, 30.5213
9163.1433, 30.5213
9163.5602, 30.5213
9163.5606, 30.5131
9163.9779, 30.505
9164.3947, 30.505
9164.8115, 30.505
9165.2284, 30.505
9165.6452, 30.505
9166.0621, 30.505
9166.4793, 30.4968
9166.8961, 30.4968
9167.313, 30.4968
9167.7298, 30.4968
9168.1467, 30.4968
9168.5635, 30.4968
9168.9804, 30.4968
9169.3972, 30.4968
9169.8145, 30.4886
9170.2313, 30.4886
9170.6482, 30.4886
9171.065, 30.4886
9171.4818, 30.4886
9171.8987, 30.4886
9172.3155, 30.4886
9172.7324, 30.4886
9173.1492, 30.4886
9173.5659, 30.4886
9173.9828, 30.4886
9174.3997, 30.4886
9174.8161, 30.4968
9175.233, 30.4968
9175.6498, 30.4967
9176.0667, 30.4967
9176.4835, 30.4967
9176.9003, 30.4967
9177.3172, 30.4967
9177.734, 30.4967
9178.1513, 30.4885
9178.5681, 30.4885
9178.9849, 30.4885
9179.4018, 30.4885
9179.8186, 30.4885
9180.2355, 30.4885
9180.6522, 30.4885
9181.0692, 30.4885
9181.4864, 30.4803
9181.9033, 30.4803
9182.3201, 30.4803
9182.737, 30.4803
9183.1538, 30.4803
9183.5706, 30.4803
9183.9875, 30.4803
9184.4043, 30.4803
9184.8212, 30.4803
9185.238, 30.4803
9185.6548, 30.4803
9186.0717, 30.4803
9186.4885, 30.4803
9186.9054, 30.4803
9187.3222, 30.4803
9187.7389, 30.4803
9188.1559, 30.4803
9188.5727, 30.4802
9188.9896, 30.4802
9189.4064, 30.4802
9189.8232, 30.4802
9190.2401, 30.4802
9190.6569, 30.4802
9191.0738, 30.4802
9191.4906, 30.4802
9191.9074, 30.4802
9192.3243, 30.4802
9192.741, 30.4802
9193.158, 30.4802
9193.5748, 30.4802
9193.9917, 30.4802
9194.4085, 30.4802
9194.8253, 30.4802
9195.2422, 30.4802
9195.659, 30.4802
9196.0759, 30.4802
9196.4927, 30.4802
9196.9095, 30.4802
9197.3264, 30.4802
9197.7431, 30.4802
9198.1601, 30.4802
9198.5769, 30.4802
9198.9937, 30.4802
9199.4102, 30.4884
9199.827, 30.4884
9200.2438, 30.4884
9200.6606, 30.4883
9201.0775, 30.4883
9201.4944, 30.4883
9201.9116, 30.4801
9202.3285, 30.4801
9202.7452, 30.4801
9203.1621, 30.4801
9203.579, 30.4801
9203.9958, 30.4801
9204.4127, 30.4801
9204.8295, 30.4801
9205.2463, 30.4801
9205.6632, 30.4801
9206.08, 30.4801
9206.4969, 30.4801
9206.9137, 30.4801
9207.3305, 30.4801
9207.7473, 30.4801
9208.1642, 30.4801
9208.5811, 30.4801
9208.9979, 30.4801
9209.4148, 30.4801
9209.8316, 30.4801
9210.2484, 30.4801
9210.6653, 30.4801
9211.0821, 30.4801
9211.499, 30.4801
9211.9158, 30.4801
9212.3326, 30.4801
9212.7495, 30.4801
9213.1663, 30.48
9213.5832, 30.48
9214.0, 30.48
9214.4168, 30.48
9214.8336, 30.48
9215.2505, 30.48
9215.6674, 30.48
9216.0842, 30.48
9216.5015, 30.4718
9216.9183, 30.4718
9217.3351, 30.4718
9217.752, 30.4718
9218.1688, 30.4718
9218.5857, 30.4718
9219.0025, 30.4718
9219.4194, 30.4718
9219.8362, 30.4718
9220.253, 30.4718
9220.6699, 30.4718
9221.0867, 30.4718
9221.5036, 30.4718
9221.9203, 30.4718
9222.3372, 30.4718
9222.7536, 30.48
9223.1705, 30.48
9223.5873, 30.48
9224.0042, 30.48
9224.421, 30.48
9224.8378, 30.48
9225.2547, 30.4799
9225.672, 30.4717
9226.0888, 30.4717
9226.5056, 30.4717
9226.9224, 30.4717
9227.3393, 30.4717
9227.7562, 30.4717
9228.173, 30.4717
9228.5897, 30.4717
9229.0067, 30.4717
9229.4235, 30.4717
9229.8404, 30.4717
9230.2572, 30.4717
9230.674, 30.4717
9231.0909, 30.4717
9231.5077, 30.4717
9231.9245, 30.4717
9232.3414, 30.4717
9232.7582, 30.4717
9233.1751, 30.4717
9233.5918, 30.4717
9234.0088, 30.4717
9234.4256, 30.4717
9234.8425, 30.4717
9235.2593, 30.4717
9235.6761, 30.4717
9236.093, 30.4717
9236.5098, 30.4717
9236.5102, 30.4635
9236.9275, 30.4553
9237.3443, 30.4553
9237.7612, 30.4553
9238.178, 30.4553
9238.5949, 30.4552
9239.0117, 30.4552
9239.429, 30.447
9239.8458, 30.447
9240.2627, 30.447
9240.6795, 30.447
9241.0963, 30.447
9241.5131, 30.447
9241.93, 30.447
9242.3469, 30.447
9242.7633, 30.4552
9243.1801, 30.4552
9243.597, 30.4552
9244.0138, 30.4552
9244.4306, 30.4552
9244.8475, 30.4552
9245.2643, 30.4552
9245.6812, 30.4552
9246.098, 30.4552
9246.5148, 30.4552
9246.9317, 30.4552
9247.3485, 30.4552
9247.7654, 30.4552
9248.1822, 30.4552
9248.599, 30.4552
9249.0159, 30.4552
9249.4327, 30.4552
9249.8496, 30.4552
9250.2664, 30.4552
9250.6832, 30.4552
9251.1001, 30.4551
9251.5169, 30.4551
9251.9338, 30.4551
9252.3506, 30.4551
9252.7673, 30.4551
9253.1843, 30.4551
9253.6011, 30.4551
9254.018, 30.4551
9254.4348, 30.4551
9254.8517, 30.4551
9255.2685, 30.4551
9255.6853, 30.4551
9256.1022, 30.4551
9256.519, 30.4551
9256.9359, 30.4551
9257.3527, 30.4551
9257.7694, 30.4551
9258.1864, 30.4551
9258.6032, 30.4551
9259.0201, 30.4551
9259.4373, 30.4469
9259.8542, 30.4469
9260.271, 30.4469
9260.6878, 30.4469
9261.1047, 30.4469
9261.5215, 30.4469
9261.9384, 30.4469
9262.3552, 30.4469
9262.772, 30.4469
9263.1889, 30.4469
9263.6057, 30.4468
9264.0226, 30.4468
9264.4394, 30.4468
9264.8563, 30.4468
9265.2731, 30.4468
9265.6899, 30.4468
9266.1068, 30.4468
9266.5232, 30.455
9266.94, 30.455
9267.3569, 30.455
9267.7737, 30.455
9268.1905, 30.455
9268.6074, 30.455
9269.0242, 30.455
9269.4411, 30.455
9269.8578, 30.455
9270.2748, 30.455
9270.6916, 30.455
9271.1089, 30.4468
9271.5257, 30.4468
9271.9425, 30.4468
9272.3594, 30.4468
9272.7762, 30.4468
9273.1931, 30.4468
9273.6099, 30.4468
9274.0267, 30.4468
9274.4436, 30.4468
9274.8604, 30.4468
9275.2772, 30.4468
9275.6941, 30.4466
9276.1109, 30.4466
9276.5278, 30.4466
9276.9445, 30.4466
9277.3615, 30.4466
9277.7787, 30.4385
9278.196, 30.4303
