#DataThief C:\Users\Andy.DESKTOP-CFRG05F\OneDrive - California Institute of Technology\Documents\Research\Kornfield\EXPERIMENTS\Italy\data\datathief\PPG_spec_vol_atm.png Tuesday 23-Jul-2019 9:51:17 PM
43.1947, 1.0222
43.545, 1.0222
43.8939, 1.0227
44.2428, 1.0231
44.5931, 1.0231
44.942, 1.0236
45.2909, 1.024
45.6397, 1.0244
45.9901, 1.0244
46.339, 1.0249
46.6894, 1.0249
47.0382, 1.0253
47.3886, 1.0253
47.7375, 1.0257
48.0863, 1.0262
48.4352, 1.0266
48.7856, 1.0266
49.136, 1.0266
49.4848, 1.027
49.8352, 1.027
50.1841, 1.0275
50.5345, 1.0275
50.8833, 1.0279
51.2322, 1.0283
51.5826, 1.0283
51.9314, 1.0288
52.2818, 1.0288
52.6307, 1.0292
52.9809, 1.0292
52.9795, 1.0296
53.3299, 1.0296
53.6787, 1.0301
54.0292, 1.0301
54.378, 1.0305
54.7284, 1.0305
55.0773, 1.0309
55.4261, 1.0314
55.7765, 1.0314
56.1254, 1.0318
56.4758, 1.0318
56.8246, 1.0323
57.175, 1.0323
57.5239, 1.0327
57.8727, 1.0331
58.2231, 1.0331
58.572, 1.0336
58.9224, 1.0336
59.2711, 1.034
59.6216, 1.034
59.62, 1.0344
59.9705, 1.0344
60.3193, 1.0349
60.6697, 1.0349
61.0186, 1.0352
61.369, 1.0352
61.7178, 1.0357
62.0667, 1.0362
62.4171, 1.0362
62.7659, 1.0366
63.1163, 1.0366
63.4652, 1.037
63.8155, 1.037
63.814, 1.0375
64.1644, 1.0375
64.5133, 1.0379
64.8637, 1.0379
65.2125, 1.0383
65.5614, 1.0388
65.9118, 1.0388
65.9102, 1.0392
66.2606, 1.0392
66.6095, 1.0396
66.9599, 1.0396
67.3087, 1.0401
67.6591, 1.0401
68.008, 1.0405
68.3569, 1.041
68.7072, 1.041
69.0561, 1.0414
69.4064, 1.0414
69.405, 1.0418
69.7553, 1.0418
70.1042, 1.0423
70.4531, 1.0427
70.8035, 1.0427
71.1538, 1.0427
71.5042, 1.0427
71.8546, 1.0427
72.2065, 1.0423
72.5569, 1.0423
72.9073, 1.0423
73.2576, 1.0423
73.608, 1.0423
73.9584, 1.0423
74.3088, 1.0423
74.6592, 1.0423
75.0095, 1.0423
75.3599, 1.0423
75.7103, 1.0423
76.0592, 1.0427
76.4095, 1.0427
76.7584, 1.0432
77.1073, 1.0436
77.4576, 1.0436
77.8065, 1.044
78.1554, 1.0445
78.5058, 1.0445
78.8546, 1.0449
79.2035, 1.0453
79.5539, 1.0453
79.9026, 1.0458
80.253, 1.0458
80.6019, 1.0462
80.9508, 1.0466
81.3012, 1.0466
81.6501, 1.0471
81.9989, 1.0475
82.3477, 1.0479
82.6966, 1.0484
83.0455, 1.0488
83.3944, 1.0492
83.7448, 1.0492
84.0937, 1.0497
84.4425, 1.0501
84.7929, 1.0501
85.1418, 1.0505
85.4906, 1.051
85.8395, 1.0514
86.1884, 1.0518
86.1868, 1.0523
86.5372, 1.0523
86.886, 1.0527
86.8846, 1.0531
87.2334, 1.0536
87.5838, 1.0536
87.5823, 1.054
87.9312, 1.0544
88.28, 1.0549
88.2785, 1.0553
88.277, 1.0557
88.2755, 1.0562
88.274, 1.0566
88.2725, 1.057
88.2709, 1.0575
88.2694, 1.0579
88.2679, 1.0583
88.2664, 1.0588
88.6153, 1.0592
88.6137, 1.0596
88.6122, 1.0601
88.6107, 1.0605
88.6092, 1.0609
88.6077, 1.0614
88.6061, 1.0618
88.6046, 1.0622
88.9535, 1.0627
88.952, 1.0631
89.3009, 1.0635
89.2993, 1.064
88.9474, 1.0644
88.9459, 1.0648
88.5956, 1.0648
88.2452, 1.0648
87.8948, 1.0648
87.5444, 1.0648
87.194, 1.0648
86.8437, 1.0648
86.4933, 1.0648
86.1429, 1.0648
85.7925, 1.0648
85.4421, 1.0648
85.0918, 1.0648
84.7414, 1.0648
84.3925, 1.0644
84.7444, 1.0639
85.0948, 1.0639
85.0963, 1.0635
85.4482, 1.0631
85.7986, 1.0631
86.1505, 1.0627
86.152, 1.0622
86.5024, 1.0622
86.8542, 1.0618
87.2062, 1.0614
86.8573, 1.0609
86.8588, 1.0605
86.5099, 1.0601
86.5114, 1.0596
86.1626, 1.0592
86.1641, 1.0588
86.1656, 1.0583
86.1671, 1.0579
86.1687, 1.0575
86.5205, 1.057
86.5221, 1.0566
86.874, 1.0562
87.2259, 1.0557
87.2274, 1.0553
87.2288, 1.0549
87.2304, 1.0544
87.2319, 1.054
87.2334, 1.0536
87.2349, 1.0531
87.2365, 1.0527
87.238, 1.0523
86.8891, 1.0518
86.5403, 1.0514
86.1899, 1.0514
86.1914, 1.051
85.8425, 1.0505
85.4921, 1.0505
85.1433, 1.0501
84.7944, 1.0497
84.4455, 1.0492
84.0952, 1.0492
84.0967, 1.0488
83.7463, 1.0488
83.3974, 1.0484
83.0471, 1.0484
82.6982, 1.0479
82.3493, 1.0475
81.9989, 1.0475
81.6501, 1.0471
81.2997, 1.0471
80.9508, 1.0466
80.6005, 1.0466
80.2516, 1.0462
79.9026, 1.0458
79.5524, 1.0458
79.5539, 1.0453
79.2035, 1.0453
78.8546, 1.0449
78.5058, 1.0445
78.1554, 1.0445
78.1569, 1.044
77.8065, 1.044
77.4576, 1.0436
77.1088, 1.0432
76.7584, 1.0432
76.7599, 1.0427
76.4111, 1.0423
76.0607, 1.0423
75.7118, 1.0418
75.3629, 1.0414
75.0126, 1.0414
74.6637, 1.041
74.3148, 1.0405
73.9645, 1.0405
73.6156, 1.0401
73.2652, 1.0401
72.9148, 1.0401
72.5659, 1.0397
72.2171, 1.0392
71.8681, 1.0388
71.5194, 1.0384
71.1705, 1.0379
70.8201, 1.0379
70.4697, 1.0379
70.1209, 1.0375
69.7705, 1.0375
69.4216, 1.0371
69.0728, 1.0366
68.7239, 1.0362
68.375, 1.0358
68.0247, 1.0358
68.0262, 1.0352
67.6758, 1.0352
67.3269, 1.0349
66.9766, 1.0349
66.6261, 1.0349
66.2758, 1.0349
65.9254, 1.0349
65.5765, 1.0345
65.2262, 1.0345
64.8758, 1.0345
64.5253, 1.0344
64.175, 1.0344
63.8246, 1.0344
63.4743, 1.0344
63.1239, 1.0344
62.7734, 1.0344
62.4231, 1.0344
62.0727, 1.0344
61.7224, 1.0344
61.3719, 1.0344
61.0216, 1.0344
60.6712, 1.0344
60.3208, 1.0344
59.972, 1.034
59.6216, 1.034
59.2711, 1.034
58.9207, 1.034
58.5705, 1.034
